50.6108	10896.4
52.4569	10389.2
54.3027	10461
56.1481	10378.3
57.991	10232.5
59.8356	10117.6
61.68	9991.86
63.5239	9880.58
65.3653	9732.33
67.2085	9563.27
69.0514	9162.96
70.8918	8762.59
72.7339	8296.53
74.5757	7904.16
76.4149	7488.76
78.256	7163.92
80.0967	6906.07
81.9348	6675.88
83.7748	6479.68
85.6144	6327.61
87.4515	6139.68
89.2904	5998.78
91.1289	5875.36
92.9649	5737.5
94.8027	5637.41
96.638	5543.92
98.4751	5450.91
100.312	5360.59
102.146	5296.58
103.982	5214.76
105.815	5151.82
107.651	5098.15
109.483	5026.69
111.318	4971.76
113.15	4939.98
114.984	4875.22
116.815	4838.26
118.648	4776.38
120.481	4721.11
122.311	4666.06
124.143	4608.82
125.973	4539.96
127.804	4471.14
129.633	4419.01
131.462	4371.81
133.292	4319.31
135.12	4290.34
136.949	4258.7
138.776	4233.16
140.605	4213.18
142.431	4204.04
144.259	4191.78
146.085	4188.21
147.91	4192.05
149.737	4194.22
151.562	4202.14
153.388	4218.42
155.212	4229.73
157.035	4244.02
158.86	4276.81
160.683	4311.27
162.508	4372.09
164.33	4458.42
166.151	4562.05
167.975	4692.78
169.796	4841.3
171.616	4999.12
173.439	5194.12
175.259	5400.75
177.078	5616.58
178.899	5850.15
180.718	6036.95
182.537	6106.21
184.355	6043.29
186.175	5866.9
187.992	5595.24
189.809	5306.56
191.628	5026.72
193.444	4785.6
195.26	4577.78
197.076	4437.43
198.893	4314.6
200.708	4233.81
202.523	4168.25
204.337	4109.92
206.151	4056.71
207.967	4016.79
209.78	3989.47
211.592	3964.62
213.405	3945.77
215.217	3921.4
217.031	3906.72
218.842	3907.79
220.653	3895.14
222.464	3896.57
224.274	3898.8
226.084	3883.63
227.894	3891.83
229.705	3904.36
231.514	3908.05
233.323	3900.17
235.131	3903.48
236.939	3911.49
238.746	3923.21
240.553	3930.48
242.36	3943.76
244.167	3956.94
245.973	3972.52
247.778	3973.68
249.584	3981.97
251.391	3976.79
253.196	3968.76
255	3967.04
256.804	3964.35
258.608	3962.24
260.411	3964.58
262.214	3970.5
264.016	3976.16
265.819	3993.79
267.621	4009.13
269.422	4033.46
271.223	4058.23
273.024	4106.42
274.825	4178.53
276.623	4248.52
278.422	4354.69
280.222	4444.98
282.021	4532.51
283.82	4584.62
285.618	4571.18
287.416	4501.46
289.214	4409.5
291.011	4309.58
292.808	4204.21
294.605	4112.43
296.401	4042.48
298.195	3991.37
299.99	3947.18
301.786	3920.68
303.581	3896.79
305.375	3877.74
307.169	3869.52
308.961	3860.71
310.755	3873.48
312.548	3877.93
314.341	3888.95
316.133	3907.34
317.925	3928.34
319.715	3955.57
321.506	3974.56
323.297	3965.78
325.088	3959.78
326.876	3928.59
328.666	3909.24
330.456	3872.97
332.245	3853.7
334.032	3826.5
335.821	3815.21
337.609	3805.66
339.397	3797.6
341.183	3787.6
342.97	3780.21
344.757	3768.21
346.541	3753.35
348.327	3761.07
350.113	3750.84
351.897	3743.08
353.682	3743.15
355.467	3744.88
357.249	3744.02
359.033	3757.89
360.817	3769.9
362.599	3788.13
364.382	3816.79
366.164	3848.95
367.945	3894.66
369.727	3927.78
371.507	3951.69
373.288	3962.68
375.067	3951.25
376.848	3929.7
378.628	3921.36
380.406	3962.15
382.186	4017.78
383.963	4128.93
385.742	4314.73
387.518	4533.76
389.297	4786.49
391.072	5017.15
392.85	5101.42
394.625	5039.6
396.402	4853.69
398.177	4663.22
399.953	4484.63
401.727	4338.37
403.502	4192.06
405.275	4061.89
407.05	3940.94
408.823	3864.12
410.597	3800.65
412.369	3756.16
414.142	3725.38
415.913	3703.95
417.684	3688.88
419.456	3672.01
421.227	3667.05
422.998	3656.3
424.768	3657.24
426.537	3646.16
428.308	3640.42
430.076	3638.93
431.844	3631.84
433.614	3634.79
435.381	3629.71
437.15	3634.06
438.917	3630.24
440.683	3626.47
442.451	3626.13
444.217	3628.33
445.982	3624.89
447.747	3624.07
449.514	3624.41
451.278	3621.02
453.042	3622.27
454.807	3627.48
456.571	3628.63
458.334	3625.65
460.096	3624.54
461.861	3629.39
463.622	3630.7
465.384	3635.89
467.145	3638.48
468.906	3643.95
470.669	3649.17
472.429	3655.67
474.189	3662.92
475.948	3661.07
477.708	3662.44
479.468	3670.88
481.227	3675.71
482.985	3693.93
484.743	3723.53
486.501	3769.49
488.258	3846.17
490.017	3950.32
491.773	4080.22
493.529	4159.19
495.285	4153.1
497.041	4078.06
498.796	3982.19
500.55	3890.14
502.305	3814.71
504.059	3760.31
505.813	3725.15
507.566	3698.3
509.322	3681.42
511.074	3668.71
512.827	3659.84
514.579	3651.66
516.331	3649.79
518.082	3641.51
519.833	3641.29
521.584	3639.36
523.334	3638.29
525.085	3638.66
526.834	3633.92
528.584	3633.89
530.333	3635.18
532.082	3629.26
533.83	3625.33
535.578	3626.27
537.324	3625.75
539.071	3626.52
540.818	3620.98
542.565	3621.89
544.312	3620.7
546.058	3620.64
547.804	3619.03
549.549	3623.17
551.294	3618.34
553.039	3621.35
554.783	3620.94
556.525	3622.48
558.269	3627.54
560.012	3620.9
561.756	3623.25
563.498	3624.97
565.241	3627.43
566.981	3631.7
568.723	3635.26
570.464	3639.74
572.205	3652.53
573.946	3660.7
575.684	3676.43
577.424	3691.6
579.164	3706.94
580.904	3710.59
582.643	3709.66
584.379	3704.96
586.118	3691.42
587.856	3681.02
589.592	3670.96
591.329	3660.78
593.066	3651.85
594.803	3644.57
596.537	3639.21
598.273	3633.98
600.009	3628.7
601.743	3628.98
603.478	3625.35
605.213	3623.9
606.945	3623.87
608.679	3622.11
610.413	3621.52
612.144	3620.14
613.878	3620.88
615.61	3621.33
617.341	3620.8
619.073	3621.55
620.803	3622.29
622.534	3621.18
624.265	3622.34
625.994	3622.37
627.725	3622.73
629.453	3619.6
631.183	3626.99
632.91	3624.73
634.639	3624.84
636.366	3625.27
638.095	3626.87
639.823	3623.42
641.549	3623.84
643.276	3625.06
645.002	3630.41
646.728	3627.06
648.453	3628.96
650.179	3629.1
651.903	3628.44
653.627	3630.01
655.352	3632.03
657.075	3632.16
658.799	3628.63
660.522	3632.43
662.246	3636.23
663.967	3633.43
665.688	3635.98
667.411	3639.18
669.132	3640.87
670.854	3645.37
672.574	3646.82
674.294	3653
676.015	3656.2
677.734	3657.71
679.455	3665.89
681.173	3671.43
682.891	3682.04
684.611	3693.98
686.328	3718.83
688.045	3735.6
689.764	3759.83
691.48	3799.48
693.196	3820.94
694.912	3862.86
696.629	3903.91
698.344	3965.38
700.059	4014.75
701.774	4065.11
703.49	4069.2
705.203	4013.78
706.917	3935.14
708.63	3870.09
710.345	3803.67
712.057	3765.29
713.77	3725.62
715.481	3698.73
717.193	3679.13
718.906	3662
720.617	3652.28
722.327	3641.76
724.038	3630.26
725.747	3629.46
727.457	3624.96
729.168	3625.72
730.877	3618.71
732.586	3620.08
734.294	3619.71
736.002	3618.26
737.71	3617.45
739.417	3621
741.124	3617.98
742.83	3613.92
744.539	3617.38
746.245	3612.67
747.951	3612.37
749.656	3609.36
751.361	3611.53
753.066	3612.41
754.77	3610.89
756.474	3608.07
758.178	3610.64
759.881	3609.77
761.584	3609.17
763.287	3609.1
764.99	3609.95
766.692	3609.77
768.393	3612.92
770.095	3608.12
771.796	3614.18
773.497	3613.44
775.198	3616.71
776.898	3616.38
778.598	3616.02
780.295	3621
781.995	3620.51
783.693	3626.15
785.392	3629.24
787.09	3633.1
788.788	3641.23
790.486	3654.86
792.183	3662.9
793.88	3691.11
795.575	3731.1
797.271	3766.53
798.967	3800.57
800.663	3805.28
802.359	3785.94
804.054	3755.97
805.746	3729.45
807.441	3710.34
809.135	3702.51
810.829	3702.39
812.522	3701.98
814.214	3694.65
815.906	3681.93
817.599	3667.66
819.291	3660.84
820.981	3653.44
822.673	3650.03
824.364	3651.32
826.053	3652.44
827.744	3654.6
829.434	3656.08
831.124	3662.19
832.812	3668.06
834.501	3674
836.19	3681.37
837.877	3697.03
839.565	3712.78
841.253	3735.68
842.939	3756.04
844.627	3800.35
846.312	3859.52
847.998	3938.92
849.685	4079.56
851.369	4294.12
853.055	4687.48
854.739	5305.4
856.424	6133.25
858.109	7003.41
859.791	7622.43
861.476	7646.04
863.158	7053.76
864.841	6145.25
866.523	5343.54
868.206	4753.29
869.887	4383.55
871.569	4158.33
873.249	4015.96
874.931	3923.85
876.61	3873.8
878.291	3825.04
879.97	3796.97
881.651	3779.21
883.329	3762.67
885.009	3748.43
886.686	3740.2
888.366	3728.86
890.043	3721.83
891.721	3712.5
893.398	3705.87
895.074	3701.61
896.751	3695.81
898.427	3694.92
900.104	3688.96
901.779	3688.8
903.453	3683.53
905.129	3687.01
906.803	3690.45
908.476	3694.37
910.152	3700.76
911.825	3704.76
913.497	3720.93
915.171	3737.03
916.843	3755.27
918.515	3770.1
920.188	3768.4
921.859	3759.85
923.53	3751.92
925.2	3739.84
926.872	3733.39
928.542	3721.3
930.211	3720.6
931.881	3727.03
933.551	3745.59
935.22	3764.09
936.888	3791.86
938.556	3821.65
940.224	3860.54
941.893	3897.68
943.56	3900.44
945.226	3848.88
946.893	3778.57
948.559	3724.89
950.224	3687.95
951.892	3666.79
953.557	3652.63
955.222	3640.6
956.886	3637.98
958.55	3636.92
960.214	3630.6
961.878	3627.49
963.541	3627.73
965.206	3626.33
966.868	3626.43
968.531	3617.45
970.193	3621.92
971.854	3619.73
973.516	3617.78
975.177	3618.9
976.838	3621.28
978.498	3619.86
980.158	3619.84
981.818	3621.99
983.477	3623.57
985.137	3622.52
986.796	3627.3
988.454	3632.6
990.112	3629.39
991.77	3629.86
993.428	3633.75
995.085	3633.71
996.742	3637.33
998.399	3641.63
1000.05	3641.69
1001.71	3652.35
1003.37	3655
1005.02	3666.4
1006.68	3676.99
1008.33	3685.73
1009.99	3698.99
1011.64	3720.49
1013.29	3741.23
1014.95	3771.37
1016.6	3821.54
1018.25	3883.55
1019.9	3989.57
1021.56	4118.12
1023.21	4247.59
1024.86	4321.01
1026.51	4346.79
1028.16	4322.81
1029.81	4227.52
1031.46	4055.53
1033.11	3922.51
1034.76	3834.63
1036.41	3794.27
1038.06	3777.83
1039.71	3763.81
1041.36	3772.62
1043.01	3796.69
1044.65	3866.16
1046.3	4017.03
1047.95	4267.86
1049.59	4626.32
1051.24	4920.82
1052.89	4901.25
1054.53	4606.8
1056.18	4277.43
1057.82	4051.84
1059.46	3919.51
1061.11	3848.96
1062.75	3817.45
1064.4	3807.37
1066.04	3810.38
1067.68	3823.56
1069.33	3846.81
1070.97	3880.4
1072.61	3917.93
1074.25	3981.69
1075.89	4057.76
1077.54	4165.97
1079.18	4320.3
1080.82	4566.08
1082.46	4882.45
1084.1	5288.96
1085.74	5742.24
1087.38	6006.89
1089.01	5942.57
1090.65	5606.72
1092.29	5199.62
1093.93	4863.78
1095.57	4659.49
1097.21	4514.15
1098.84	4390.61
1100.48	4307.62
1102.11	4260.38
1103.75	4259.79
1105.39	4324.73
1107.02	4422.33
1108.66	4607.34
1110.29	4923.54
1111.93	5391.23
1113.56	5978.57
1115.19	6556.61
1116.83	6758.55
1118.46	6417.87
1120.09	5734.52
1121.73	5086.47
1123.36	4574.5
1124.99	4257.53
1126.62	4063.08
1128.25	3942.8
1129.88	3865.47
1131.52	3812.49
1133.15	3779.2
1134.78	3753.42
1136.41	3734.11
1138.04	3716.22
1139.66	3705.3
1141.29	3700.64
1142.92	3691
1144.55	3687.14
1146.18	3686.03
1147.81	3692.14
1149.43	3682.88
1151.06	3685.62
1152.69	3688.68
1154.31	3699.27
1155.94	3711.99
1157.56	3717.71
1159.19	3721.29
1160.81	3721.57
1162.44	3713.85
1164.06	3704.13
1165.69	3705.73
1167.31	3701.97
1168.93	3707.77
1170.56	3717.33
1172.18	3730.7
1173.8	3744.31
1175.42	3765.88
1177.05	3770.14
1178.67	3768.15
1180.29	3750.74
1181.91	3736.33
1183.53	3703.78
1185.15	3687.99
1186.77	3674.04
1188.39	3659.58
1190.01	3649.45
1191.63	3642.41
1193.25	3638.43
1194.87	3633.35
1196.48	3631.14
1198.1	3626
1199.72	3628.56
1201.34	3628.33
1202.95	3629.58
1204.57	3631.26
1206.19	3636.89
1207.8	3636.82
1209.42	3639.48
1211.03	3634.11
1212.65	3628.83
1214.26	3625.91
1215.88	3624.73
1217.49	3623.99
1219.1	3619.17
1220.72	3621.22
1222.33	3615.61
1223.95	3620.84
1225.56	3617.49
1227.17	3616.37
1228.78	3619.16
1230.39	3619.96
1232	3622.25
1233.61	3620.9
1235.22	3626.69
1236.84	3632.43
1238.45	3641.86
1240.05	3644.36
1241.66	3657.55
1243.27	3677.25
1244.88	3701.88
1246.49	3739.89
1248.1	3793.32
1249.71	3859.57
1251.31	3904.42
1252.92	3908.78
1254.53	3859.68
1256.13	3805.57
1257.74	3757.69
1259.35	3739.68
1260.95	3745.65
1262.56	3771.94
1264.16	3828.53
1265.77	3904.58
1267.37	4007.34
1268.98	4107.95
1270.58	4153.39
1272.18	4137.64
1273.79	4066.54
1275.39	3980.44
1276.99	3911.7
1278.59	3849.68
1280.2	3814.3
1281.8	3784.93
1283.4	3776.38
1285	3777.7
1286.6	3789.54
1288.2	3813.64
1289.8	3847.78
1291.4	3902.42
1293	3978.08
1294.6	4047.42
1296.2	4132.18
1297.8	4206.8
1299.4	4276.22
1300.99	4369.32
1302.59	4519.94
1304.19	4690.07
1305.79	4838.51
1307.38	4833.92
1308.98	4687.99
1310.57	4423.24
1312.17	4188.95
1313.77	4002.95
1315.36	3873.91
1316.96	3797.94
1318.55	3747.17
1320.14	3714.58
1321.74	3700.62
1323.33	3686.47
1324.93	3692.2
1326.52	3680.93
1328.11	3677.32
1329.7	3675.14
1331.3	3669.31
1332.89	3663.67
1334.48	3667.36
1336.07	3662.77
1337.66	3661.06
1339.25	3652.49
1340.84	3646.86
1342.43	3640.38
1344.02	3631.9
1345.61	3630.96
1347.2	3625.63
1348.79	3621.78
1350.38	3620.63
1351.97	3617.52
1353.55	3616.01
1355.14	3620.41
1356.73	3617.31
1358.31	3618.64
1359.9	3618.86
1361.49	3620.56
1363.07	3624.4
1364.66	3624.96
1366.25	3631.18
1367.83	3634.87
1369.41	3637.27
1371	3636.97
1372.58	3641.8
1374.17	3650.58
1375.75	3657.69
1377.33	3672.24
1378.92	3689.85
1380.5	3717.77
1382.08	3752.66
1383.66	3782.28
1385.25	3802.12
1386.83	3813.81
1388.41	3833.26
1389.99	3836.18
1391.57	3860.95
1393.15	3887.16
1394.73	3934.47
1396.31	3989.33
1397.89	4048.68
1399.47	4045.75
1401.05	4003.01
1402.62	3918.66
1404.2	3839.62
1405.78	3788.75
1407.36	3760.22
1408.94	3748.1
1410.51	3748.35
1412.09	3745.26
1413.66	3759.97
1415.24	3785.14
1416.82	3830.68
1418.39	3916.06
1419.97	4051.67
1421.54	4255.12
1423.12	4430.41
1424.69	4451.4
1426.27	4351
1427.84	4240.45
1429.41	4151.87
1430.99	4067.49
1432.56	4010.75
1434.13	3997.04
1435.7	4026.98
1437.27	4100.48
1438.85	4235.63
1440.42	4354.41
1441.99	4416.34
1443.56	4494.95
1445.13	4646.99
1446.7	4962.69
1448.27	5370.68
1449.84	5775.33
1451.41	5901.22
1452.97	5762.14
1454.54	5479.5
1456.11	5269.37
1457.68	5143.86
1459.25	5004.72
1460.81	4801.61
1462.38	4542.52
1463.95	4335.95
1465.52	4182.47
1467.08	4085.11
1468.65	4026.14
1470.21	3980.81
1471.78	3962.91
1473.34	3960.67
1474.91	3981.3
1476.47	3991.94
1478.04	3976.39
1479.6	3962.16
1481.16	3946.71
1482.73	3952.72
1484.29	3940.39
1485.85	3911.71
1487.41	3872.75
1488.98	3830.57
1490.54	3782.76
1492.1	3746.85
1493.66	3719.74
1495.22	3705.16
1496.78	3691.14
1498.34	3682.93
1499.9	3671.57
1501.46	3665.7
1503.02	3653.4
1504.58	3650.66
1506.14	3645.46
1507.7	3640.21
1509.25	3635.9
1510.81	3627.83
1512.37	3634.64
1513.93	3622.93
1515.48	3622.8
1517.04	3622.16
1518.6	3617.69
1520.15	3612.19
1521.71	3615.99
1523.26	3612.87
1524.82	3614.64
1526.37	3608.05
1527.93	3611.65
1529.48	3606.82
1531.03	3607.02
1532.59	3609.53
1534.14	3602.31
1535.7	3606.23
1537.25	3604.1
1538.8	3603.64
1540.35	3603.61
1541.9	3600.73
1543.46	3600.29
1545.01	3600.78
1546.56	3601.28
1548.11	3599.16
1549.66	3600.49
1551.21	3597.72
1552.76	3597.74
1554.31	3592.97
1555.86	3596.75
1557.41	3593.32
1558.96	3592.41
1560.5	3592.01
1562.05	3589.89
1563.6	3591.13
1565.15	3590.52
1566.69	3591.8
1568.24	3588.45
1569.79	3591.01
1571.33	3588.92
1572.88	3589.7
1574.43	3587.35
1575.97	3587.32
1577.52	3588.88
1579.06	3586.68
1580.61	3590.08
1582.15	3583
1583.69	3584.73
1585.24	3583.28
1586.78	3580.35
1588.32	3586.86
1589.87	3585.01
1591.41	3588.18
1592.95	3585
1594.49	3584.29
1596.03	3591.12
1597.58	3589.61
1599.12	3598.95
1600.66	3596.37
1602.2	3601.66
1603.74	3598.61
1605.28	3601.33
1606.82	3599.6
1608.36	3593.42
1609.89	3594.35
1611.43	3592.41
1612.97	3589.37
1614.51	3590.32
1616.05	3588.22
1617.59	3587.49
1619.12	3581.31
1620.66	3583.42
1622.2	3583.06
1623.73	3582.3
1625.27	3586.01
1626.8	3583.54
1628.34	3582.12
1629.87	3583.46
1631.41	3587.41
1632.94	3583.59
1634.48	3584.09
1636.01	3579.61
1637.55	3578.96
1639.08	3579.02
1640.61	3577.44
1642.15	3574.07
1643.68	3572.08
1645.21	3571.14
1646.74	3574.33
1648.27	3572.26
1649.81	3573.33
1651.34	3570.21
1652.87	3569.01
1654.4	3573.36
1655.93	3571.2
1657.46	3570.58
1658.99	3574.12
1660.52	3571.23
1662.05	3571.41
1663.58	3568.49
1665.1	3574.33
1666.63	3568.53
1668.16	3570.94
1669.69	3568.28
1671.22	3572.1
1672.74	3572.36
1674.27	3570.97
1675.8	3575.19
1677.32	3575.69
1678.85	3578.11
1680.37	3576.89
1681.9	3579.72
1683.42	3583.36
1684.95	3593.67
1686.47	3596.24
1688	3605.24
1689.52	3598.15
1691.04	3594.26
1692.57	3585.84
1694.09	3581.19
1695.61	3583.49
1697.14	3580.46
1698.66	3585.86
1700.18	3585.84
1701.7	3587.59
1703.22	3588.54
1704.74	3584.73
1706.26	3592.91
1707.78	3601.35
1709.3	3604.43
1710.82	3614.75
1712.35	3625.06
1713.86	3640.91
1715.38	3666.14
1716.9	3710.54
1718.42	3768.63
1719.94	3897.73
1721.46	4104.34
1722.97	4441.92
1724.49	4851.23
1726.01	5133.34
1727.52	5106.77
1729.04	4862.77
1730.56	4627.59
1732.07	4479.87
1733.59	4402.29
1735.1	4323.74
1736.62	4189.28
1738.13	4033.49
1739.65	3886.22
1741.16	3781.42
1742.68	3719.99
1744.19	3680.91
1745.7	3658.07
1747.22	3643.7
1748.73	3635.06
1750.24	3627.61
1751.75	3625.15
1753.27	3621.31
1754.78	3621.18
1756.29	3619.18
1757.8	3617.91
1759.22	3622.56
1760.73	3617.62
1762.25	3614.67
1763.77	3614.08
1765.28	3612.31
1766.8	3611.9
1768.32	3608.95
1769.83	3611.16
1771.35	3611.88
1772.86	3609.02
1774.38	3612.36
1775.9	3612.79
1777.41	3607.01
1778.92	3610.47
1780.44	3606.85
1781.95	3605.16
1783.46	3607.39
1784.98	3606.89
1786.49	3604.85
1788	3603.12
1789.52	3604.74
1791.03	3605.34
1792.54	3603.58
1794.05	3605.41
1795.56	3604.52
1797.07	3603.82
1798.58	3603.7
1800.1	3603.78
1801.6	3602.32
1803.11	3599.75
1804.62	3601.48
1806.13	3601.34
1807.64	3600.89
1809.15	3599.8
1810.66	3601.37
1812.17	3605.04
1813.68	3604.34
1815.18	3606.92
1816.69	3606.33
1818.2	3612.67
1819.7	3618.09
1821.21	3622.76
1822.72	3628.31
1824.22	3628.86
1825.73	3623.85
1827.23	3616.97
1828.74	3611.83
1830.24	3611.33
1831.75	3606.11
1833.25	3606.08
1834.76	3605.19
1836.26	3604.41
1837.76	3603.3
1839.27	3601.48
1840.77	3600.5
1842.27	3600.95
1843.77	3602.33
1845.28	3600.05
1846.78	3601.14
1848.28	3601.49
1849.78	3600.73
1851.28	3597.97
1852.78	3600.94
1854.28	3603.34
1855.78	3601.9
1857.28	3602.83
1858.78	3603.28
1860.28	3603.05
1861.78	3601.64
1863.28	3599.89
1864.78	3603.29
1866.27	3599.94
1867.77	3599.44
1869.27	3600.2
1870.77	3600.61
1872.26	3601.48
1873.76	3606.41
1875.26	3602.7
1876.75	3606.77
1878.25	3607.34
1879.75	3607.39
1881.24	3606.87
1882.74	3606.91
1884.23	3605.45
1885.72	3607.92
1887.22	3607.66
1888.71	3604.34
1890.21	3602.46
1891.7	3602.77
1893.19	3601.16
1894.69	3599.68
1896.18	3597.84
1897.67	3597.88
1899.16	3595.54
1900.66	3592.57
1902.15	3595.22
1903.64	3596.54
1905.13	3594.47
1906.62	3595.15
1908.11	3596.26
1909.6	3596.19
1911.09	3593.3
1912.58	3597.42
1914.07	3595.98
1915.56	3596.16
1917.05	3596.65
1918.54	3595.07
1920.02	3596.43
1921.51	3596.02
1923	3594.19
1924.49	3595.3
1925.97	3595.18
1927.46	3595.26
1928.95	3593.9
1930.43	3595.48
1931.92	3593.09
1933.4	3591.69
1934.89	3595.22
1936.38	3593.29
1937.86	3588.93
1939.34	3592.57
1940.83	3590.98
1942.31	3593.15
1943.8	3594.26
1945.28	3593.32
1946.76	3595.31
1948.25	3593.05
1949.73	3593.35
1951.21	3594.33
1952.69	3593.37
1954.17	3593.97
1955.66	3594.64
1957.14	3592.24
1958.62	3591.83
1960.1	3594.23
1961.58	3596.25
1963.06	3590.77
1964.54	3594.97
1966.02	3592.5
1967.5	3591.27
1968.98	3594.73
1970.46	3596.01
1971.94	3593.92
1973.41	3592.58
1974.89	3596.33
1976.37	3593.99
1977.85	3595.26
1979.33	3594.31
1980.8	3591.62
1982.28	3595.6
1983.76	3595.49
1985.23	3591.15
1986.71	3596.26
1988.18	3595.83
1989.66	3592.76
1991.13	3595.11
1992.61	3595.39
1994.08	3594.49
1995.56	3594.22
1997.03	3596.09
1998.5	3593.56
1999.98	3594.09
2001.45	3597.87
2002.93	3599.16
2004.4	3597.63
2005.87	3598.84
2007.34	3600.26
2008.81	3599
2010.28	3598.68
2011.76	3600.99
2013.23	3600.73
2014.7	3600.01
2016.17	3599.22
2017.64	3601.5
2019.11	3600.27
2020.58	3602.33
2022.05	3604.47
2023.52	3606.19
2024.99	3606.54
2026.45	3606.68
2027.92	3608.32
2029.39	3607.92
2030.86	3616.3
2032.33	3611.7
2033.79	3614.25
2035.26	3611.25
2036.73	3613.08
2038.19	3611.76
2039.66	3609
2041.13	3610.37
2042.59	3609.77
2044.06	3607.55
2045.52	3609.33
2046.99	3610.71
2048.45	3611.12
2049.91	3605.85
2051.38	3609.14
2052.84	3608.54
2054.31	3603.84
2055.77	3604.5
2057.23	3602.14
2058.69	3604.38
2060.16	3600.02
2061.62	3597.65
2063.08	3600.47
2064.54	3598.81
2066	3597.09
2067.46	3597.93
2068.93	3598.04
2070.39	3597.37
2071.85	3597.13
2073.31	3597.06
2074.77	3597.95
2076.23	3602.09
2077.69	3597.43
2079.14	3598.03
2080.6	3601.9
2082.06	3599.78
2083.52	3597.15
2084.98	3602.99
2086.43	3605.56
2087.89	3606.05
2089.35	3607.49
2090.81	3612.1
2092.26	3611.44
2093.72	3613.91
2095.17	3612.01
2096.63	3616.28
2098.09	3609.64
2099.54	3610.11
2100.99	3609.8
2102.45	3607.85
2103.9	3606.79
2105.36	3606.42
2106.81	3609.86
2108.27	3604.31
2109.72	3607.74
2111.17	3605.85
2112.62	3601.25
2114.08	3601.79
2115.53	3599.61
2116.98	3599.03
2118.43	3599.01
2119.89	3597.73
2121.34	3595.99
2122.79	3595.94
2124.24	3595.95
2125.69	3595.14
2127.14	3597.31
2128.59	3597.67
2130.04	3595.28
2131.49	3592.34
2132.94	3595.96
2134.38	3594.98
2135.83	3597.27
2137.28	3596.47
2138.73	3596.35
2140.18	3594.02
2141.63	3593.53
2143.07	3593.48
2144.52	3593.94
2145.97	3593.77
2147.41	3592.22
2148.86	3596.24
2150.3	3593.16
2151.75	3594.52
2153.19	3597.15
2154.64	3595.14
2156.08	3598.32
2157.53	3596.36
2158.97	3599.54
2160.42	3600.38
2161.86	3604.6
2163.3	3610.42
2164.75	3607.8
2166.19	3612.31
2167.63	3614.41
2169.08	3615.95
2170.52	3616.22
2171.96	3621.34
2173.4	3620.93
2174.84	3620.45
2176.29	3623.2
2177.73	3615.21
2179.17	3612.47
2180.61	3610.84
2182.05	3610.56
2183.49	3609.21
2184.93	3606.84
2186.37	3604.83
2187.81	3607.1
2189.24	3605.31
2190.68	3605.43
2192.12	3603.42
2193.56	3607.56
2195	3605.16
2196.43	3602.38
2197.87	3606.71
2199.31	3608.04
2200.74	3605.6
2202.18	3607.07
2203.62	3612
2205.05	3611.23
2206.49	3612.18
2207.92	3609.22
2209.36	3606.33
2210.79	3606.08
2212.23	3602.88
2213.66	3603.61
2215.1	3603.05
2216.53	3600.5
2217.96	3604.81
2219.4	3602.69
2220.83	3605.96
2222.26	3604.17
2223.7	3610.6
2225.13	3606.33
2226.56	3607.47
2227.99	3602.76
2229.42	3606.14
2230.86	3601.21
2232.28	3602.32
2233.72	3603.61
2235.15	3599.95
2236.58	3600.74
2238.01	3599.47
2239.44	3599.1
2240.87	3600.21
2242.3	3600.28
2243.72	3601.45
2245.15	3603.01
2246.58	3605.81
2248.01	3602.57
2249.44	3603.86
2250.86	3602.83
2252.29	3602.72
2253.72	3602.8
2255.15	3602.61
2256.57	3603.12
2258	3603.61
2259.43	3603.26
2260.85	3605.56
2262.28	3602.09
2263.7	3604.27
2265.13	3605.95
2266.55	3605.48
2267.97	3605.8
2269.4	3604.83
2270.82	3603.33
2272.25	3606.66
2273.67	3602.69
2275.09	3605.22
2276.52	3606.12
2277.94	3604.58
2279.36	3604.53
2280.78	3608.53
2282.21	3606.07
2283.63	3614.09
2285.05	3612.37
2286.47	3614.46
2287.89	3615.75
2289.31	3617.36
2290.73	3616.6
2292.15	3617.32
2293.57	3615.03
2294.99	3613.92
2296.41	3612.16
2297.83	3611.26
2299.25	3610.75
2300.67	3607.39
2302.08	3607.36
2303.5	3607.51
2304.92	3608.25
2306.34	3608.61
2307.76	3608.39
2309.17	3610.6
2310.59	3607.52
2312.01	3609.69
2313.42	3610.27
2314.84	3611.32
2316.25	3610.53
2317.67	3614.78
2319.08	3611.96
2320.5	3613.78
2321.92	3614.8
2323.33	3614.02
2324.74	3616.09
2326.16	3618.09
2327.57	3622.04
2328.98	3618.38
2330.4	3618.66
2331.81	3616.74
2333.22	3615.29
2334.63	3614.08
2336.05	3611.82
2337.46	3610.98
2338.87	3608.5
2340.28	3607.4
2341.69	3609.96
2343.1	3605.32
2344.51	3604.98
2345.92	3606.19
2347.33	3604.6
2348.74	3602.07
2350.15	3603.29
2351.56	3603.85
2352.97	3602.86
2354.38	3600.48
2355.79	3603.79
2357.2	3603.11
2358.61	3602.31
2360.01	3604.8
2361.42	3603.6
2362.83	3603.05
2364.24	3605.34
2365.64	3601.52
2367.05	3602.22
2368.46	3605.77
2369.86	3603.46
2371.27	3602.9
2372.67	3604.34
2374.08	3605.96
2375.48	3604.6
2376.89	3604
2378.29	3604.29
2379.7	3604.52
2381.1	3603.72
2382.5	3600.87
2383.91	3604.11
2385.31	3602.21
2386.72	3601.74
2388.12	3603.08
2389.52	3603.25
2390.92	3604.69
2392.32	3604.56
2393.73	3603.45
2395.13	3605.68
2396.53	3608.88
2397.93	3608.85
2399.33	3607.93
2400.73	3608.3
2402.13	3605.78
2403.53	3609.39
2404.93	3606.93
2406.33	3608.6
2407.73	3607.49
2409.13	3610.31
2410.53	3609.51
2411.93	3609.8
2413.32	3609.31
2414.72	3612.12
2416.12	3612.49
2417.52	3614.61
2418.91	3613.98
2420.31	3609.23
2421.71	3614.47
2423.1	3607.96
2424.5	3608.4
2425.9	3607.28
2427.29	3609.82
2428.69	3609.22
2430.08	3610.42
2431.48	3608.66
2432.87	3612.63
2434.27	3612.67
2435.66	3610.77
2437.05	3608.93
2438.45	3608.48
2439.84	3604.88
2441.23	3607.04
2442.63	3605.73
2444.02	3604.74
2445.41	3606.62
2446.8	3604.68
2448.2	3603.64
2449.59	3601.41
2450.98	3604.6
2452.37	3601.75
2453.76	3603.3
2455.15	3605.1
2456.54	3603.53
2457.93	3604.55
2459.32	3603.86
2460.71	3603.98
2462.1	3602.96
2463.49	3604.35
2464.88	3604.87
2466.27	3603.94
2467.66	3609.03
2469.04	3612.55
2470.43	3609.49
2471.82	3608.71
2473.21	3613.42
2474.59	3613.06
2475.98	3611.49
2477.37	3613.7
2478.76	3615.16
2480.14	3614.85
2481.53	3611.85
2482.91	3616.1
2484.3	3616.7
2485.68	3613.64
2487.07	3617.31
2488.45	3617.31
2489.84	3621.53
2491.22	3621.36
2492.61	3622.14
2493.99	3625.4
2495.37	3627.67
2496.76	3626.42
2498.14	3629.06
2499.52	3627.84
2500.9	3626.47
2502.29	3626.55
2503.67	3624.3
2505.05	3632.03
2506.43	3630.32
2507.81	3624.99
2509.19	3624.5
2510.57	3626.15
2511.96	3620.83
2513.34	3623.72
2514.72	3623.46
2516.09	3620.5
2517.47	3622.82
2518.85	3618.05
2520.23	3614.28
2521.61	3615.29
2522.99	3615.4
2524.37	3613.26
2525.75	3614.55
2527.12	3613.02
2528.5	3615.76
2529.88	3616.07
2531.25	3617.34
2532.63	3618.93
2534.01	3617.34
2535.38	3621.7
2536.76	3616.75
2538.14	3620.82
2539.51	3619.09
2540.89	3616.28
2542.26	3612.65
2543.64	3618.49
2545.01	3615.01
2546.39	3613.74
2547.76	3618.3
2549.13	3612.34
2550.51	3611.49
2551.88	3612.13
2553.25	3613.93
2554.63	3613.6
2556	3616.03
2557.37	3607.68
2558.74	3612.31
2560.12	3611.66
2561.49	3611.61
2562.86	3611.99
2564.23	3614.4
2565.6	3615.5
2566.97	3615.04
2568.34	3619.12
2569.71	3615.07
2571.08	3612.1
2572.45	3614.58
2573.82	3611.73
2575.19	3615.13
2576.56	3617.03
2577.93	3614.85
2579.3	3614.83
2580.66	3615.01
2582.03	3616
2583.4	3619.65
2584.77	3618.44
2586.13	3618.51
2587.5	3622.46
2588.87	3621.4
2590.23	3625.75
2591.6	3629.47
2592.97	3632.39
2594.33	3630.82
2595.7	3635.51
2597.06	3638.36
2598.43	3637.85
2599.79	3642.86
2601.16	3640.66
2602.52	3640.79
2603.89	3640.68
2605.25	3641.55
2606.61	3637.77
2607.98	3638.71
2609.34	3635.06
2610.7	3636.19
2612.07	3634.57
2613.43	3633.38
2614.79	3633.23
2616.15	3627.53
2617.51	3628.04
2618.87	3628.91
2620.24	3625.77
2621.6	3623.19
2622.96	3622.68
2624.32	3623.11
2625.68	3622.93
2627.04	3622.32
2628.4	3616.48
2629.76	3620.42
2631.12	3616.69
2632.47	3619.05
2633.83	3621.66
2635.19	3617.23
2636.55	3619.13
2637.91	3620.91
2639.26	3624.32
2640.62	3622.01
2641.98	3623.34
2643.34	3627.19
2644.69	3625.15
2646.05	3628.31
2647.41	3628.25
2648.76	3630.97
2650.12	3635.62
2651.47	3634.92
2652.83	3634.31
2654.18	3635.15
2655.54	3633.7
2656.89	3638.65
2658.25	3635.48
2659.6	3635.31
2660.96	3635.69
2662.31	3636.54
2663.66	3632.08
2665.02	3632.55
2666.37	3631.18
2667.72	3629.83
2669.07	3631.27
2670.43	3627.3
2671.78	3630.09
2673.13	3629.51
2674.48	3629.84
2675.83	3629.68
2677.18	3631.15
2678.53	3630.02
2679.89	3631.51
2681.24	3627.6
2682.59	3629.22
2683.94	3627.57
2685.29	3630.88
2686.63	3627.22
2687.98	3627.07
2689.33	3631.82
2690.68	3633.36
2692.03	3626.89
2693.38	3632.42
2694.72	3630.68
2696.07	3630.46
2697.42	3631.82
2698.77	3635.31
2700.11	3635.94
2701.46	3640.25
2702.81	3644.12
2704.15	3648.76
2705.5	3656.82
2706.84	3663.19
2708.19	3672.35
2709.53	3684.86
2710.88	3702.21
2712.22	3709.46
2713.57	3716.03
2714.91	3719.8
2716.26	3716.34
2717.6	3720.14
2718.95	3723.73
2720.29	3728.81
2721.63	3734.92
2722.97	3745.63
2724.32	3755.04
2725.66	3767.94
2727	3780.62
2728.34	3791.21
2729.68	3789.75
2731.03	3795.48
2732.37	3794.45
2733.71	3781.8
2735.05	3777.3
2736.39	3773.44
2737.73	3768.78
2739.07	3762.5
2740.41	3757.81
2741.75	3753.34
2743.09	3756.01
2744.43	3754.73
2745.77	3763.82
2747.1	3767.41
2748.44	3773.07
2749.78	3775.43
2751.12	3776.58
2752.46	3780.19
2753.79	3776.09
2755.13	3767.75
2756.47	3764.59
2757.81	3759.45
2759.14	3755.99
2760.48	3754.34
2761.81	3751.38
2763.15	3748.59
2764.49	3746.77
2765.82	3747.79
2767.16	3745.38
2768.49	3741.77
2769.83	3733.87
2771.16	3737.23
2772.49	3731.67
2773.83	3730.35
2775.16	3718.13
2776.49	3725.38
2777.83	3725.67
2779.16	3720.74
2780.49	3719.55
2781.83	3725.77
2783.16	3726.49
2784.49	3726.97
2785.82	3723.86
2787.15	3728.71
2788.48	3729.34
2789.81	3724.94
2791.15	3727.46
2792.48	3723.53
2793.81	3722.7
2795.14	3720.03
2796.47	3717.82
2797.8	3711.64
2799.12	3712.79
2800.45	3705.09
2801.78	3701.54
2803.11	3700.47
2804.44	3700.34
2805.77	3702.61
2807.1	3702.86
2808.42	3705.55
2809.75	3705.81
2811.08	3710.37
2812.41	3709.18
2813.73	3712.07
2815.06	3718.17
2816.39	3722.55
2817.71	3725.47
2819.04	3729.73
2820.36	3739.58
2821.69	3746.7
2823.01	3750.08
2824.34	3764.95
2825.66	3784.75
2826.99	3806.02
2828.31	3825.73
2829.64	3851.09
2830.96	3876.26
2832.28	3901.37
2833.61	3920.89
2834.93	3921.56
2836.25	3912.61
2837.58	3892.04
2838.9	3869.61
2840.22	3855.12
2841.54	3840.11
2842.86	3829.52
2844.19	3827.28
2845.51	3826.29
2846.83	3832.72
2848.15	3839.72
2849.47	3852.91
2850.79	3875.71
2852.11	3894.54
2853.43	3911.15
2854.75	3939.14
2856.07	3959.66
2857.39	4005.1
2858.7	4046.7
2860.02	4107.86
2861.34	4195.07
2862.66	4298.94
2863.98	4441.47
2865.3	4610.68
2866.61	4817.74
2867.93	5043.01
2869.25	5305.8
2870.56	5553.24
2871.88	5794.47
2873.2	5942.79
2874.51	5979.08
2875.83	5925.11
2877.15	5770.18
2878.46	5582.3
2879.78	5395.21
2881.09	5253.14
2882.4	5135.52
2883.72	5073.29
2885.03	5037.29
2886.35	5066.68
2887.66	5100.45
2888.98	5166.44
2890.29	5280.52
2891.6	5415.06
2892.91	5551.87
2894.23	5719.54
2895.54	5909.84
2896.85	6079.84
2898.16	6199.21
2899.47	6275.15
2900.79	6273.92
2902.1	6258.54
2903.41	6176.94
2904.72	6091.23
2906.03	6013.11
2907.34	5936.24
2908.65	5899.41
2909.96	5889.67
2911.27	5939.77
2912.58	6013.77
2913.89	6172.31
2915.2	6383.25
2916.51	6663.63
2917.82	6990.77
2919.12	7409.98
2920.43	7865.51
2921.74	8347.18
2923.05	8846.88
2924.35	9285.8
2925.66	9604.71
2926.97	9797.88
2928.27	9764.96
2929.58	9627.74
2930.89	9424.86
2932.19	9175.85
2933.5	8938.46
2934.8	8687.57
2936.11	8454.49
2937.41	8263.38
2938.72	8136.52
2940.02	8047.96
2941.33	8018.32
2942.63	7933.88
2943.94	7807.3
2945.24	7580.73
2946.54	7311.67
2947.85	7052.2
2949.15	6772.48
2950.45	6539.61
2951.75	6334.23
2953.06	6172.08
2954.36	6010.66
2955.66	5881.45
2956.96	5756.21
2958.26	5599.39
2959.56	5492.36
2960.87	5364.7
2962.17	5273.64
2963.47	5222.32
2964.77	5201.29
2966.07	5184.21
2967.37	5197.74
2968.67	5253.21
2969.97	5304.2
2971.27	5404.95
2972.56	5546.75
2973.86	5709.22
2975.16	5934.67
2976.46	6165.15
2977.76	6368.96
2979.06	6541.93
2980.35	6611.46
2981.65	6562.59
2982.95	6349.54
2984.24	6032.68
2985.54	5658.81
2986.84	5347.51
2988.13	5103.97
2989.43	4928.39
2990.73	4814.13
2992.02	4738.26
2993.32	4672.36
2994.61	4611.31
2995.91	4531.17
2997.2	4449.27
2998.49	4356.86
2999.79	4271.63
3001.08	4205.29
3002.38	4157.17
3003.67	4107.35
3004.96	4059.68
3006.26	4019.51
3007.55	3989.53
3008.84	3963.45
3010.13	3942.56
3011.43	3924.29
3012.72	3900.49
3014.01	3889.06
3015.3	3875.19
3016.59	3860.06
3017.88	3852.04
3019.17	3840.54
3020.46	3825.94
3021.76	3827.48
3023.04	3817.88
3024.33	3811.37
3025.62	3808.77
3026.91	3805.61
3028.2	3791.87
3029.49	3788.71
3030.78	3782.52
3032.07	3781.16
3033.36	3773.16
3034.65	3773.42
3035.93	3768.64
3037.22	3759.45
3038.51	3757.63
3039.79	3755.95
3041.08	3747.46
3042.37	3748.05
3043.66	3743.5
3044.94	3736.6
3046.23	3735.66
3047.51	3728.72
3048.8	3724.16
3050.08	3724.54
3051.37	3724.45
3052.65	3721.86
3053.94	3715.5
3055.22	3715.56
3056.51	3707.26
3057.79	3706.62
3059.07	3705.29
3060.36	3697.23
3061.64	3701.7
3062.92	3693.24
3064.21	3692.26
3065.49	3690.4
3066.77	3684.29
3068.06	3682.86
3069.34	3684.4
3070.62	3677.38
3071.9	3682.93
3073.18	3672.47
3074.46	3673.91
3075.74	3671.2
3077.02	3670.65
3078.3	3668.47
3079.59	3666.66
3080.87	3668.08
3082.15	3667.26
3083.42	3664.19
3084.7	3662.64
3085.98	3660.2
3087.26	3660.06
3088.54	3660.7
3089.82	3657.43
3091.1	3656.89
3092.38	3654.5
3093.65	3652.1
3094.93	3651.32
3096.21	3652.1
3097.48	3649.59
3098.76	3649.48
3100.04	3649.6
3101.32	3649.88
3102.59	3646.49
3103.87	3644.55
3105.14	3646.59
3106.42	3645.72
3107.69	3641.11
3108.97	3641.92
3110.24	3641.99
3111.52	3642.73
3112.79	3641.86
3114.07	3637.48
3115.34	3638.08
3116.61	3636.15
3117.89	3638.75
3119.16	3634.52
3120.43	3632.38
3121.71	3639.26
3122.98	3632.99
3124.25	3631.84
3125.53	3630.28
3126.8	3631.15
3128.07	3630.71
3129.34	3629.86
3130.61	3629.03
3131.88	3627.83
3133.15	3624.62
3134.42	3626.4
3135.7	3624.62
3136.97	3624.31
3138.23	3622.37
3139.5	3623.65
3140.77	3622.46
3142.04	3620.92
3143.31	3622.33
3144.58	3622.17
3145.85	3621.23
3147.12	3621.6
3148.39	3620.91
3149.65	3624.48
3150.92	3620.42
3152.19	3620.93
3152.47	3621.44
3153.75	3618.62
3155.02	3617.81
3156.29	3621.51
3157.57	3618.35
3158.84	3620.66
3160.11	3618.25
3161.39	3618.4
3162.66	3618.8
3163.93	3615.4
3165.2	3623.39
3166.47	3617.07
3167.74	3616.46
3169.02	3616.88
3170.29	3614.07
3171.56	3615.33
3172.83	3618.89
3174.1	3616.07
3175.37	3615.06
3176.64	3613.98
3177.91	3616.76
3179.18	3612.63
3180.45	3614.67
3181.72	3612.32
3182.98	3610.47
3184.25	3613.3
3185.52	3610.08
3186.79	3609.62
3188.06	3613.83
3189.32	3609.2
3190.59	3607.5
3191.86	3608.67
3193.13	3605.49
3194.39	3603.22
3195.66	3606.7
3196.93	3604.58
3198.19	3606.56
3199.46	3603.81
3200.72	3600.1
3201.99	3606.03
3203.25	3604.3
3204.52	3605.76
3205.79	3604.09
3207.05	3601.82
3208.31	3603.81
3209.58	3606.43
3210.84	3601.27
3212.11	3602.45
3213.37	3604.71
3214.63	3603.62
3215.9	3602.9
3217.16	3604.42
3218.42	3604.35
3219.68	3604.96
3220.95	3607.34
3222.21	3601.1
3223.47	3607.64
3224.73	3607.12
3225.99	3606.06
3227.25	3606.03
3228.51	3608.83
3229.78	3603.54
3231.04	3609.13
3232.3	3606.62
3233.56	3610.54
3234.82	3610.93
3236.08	3612.22
3237.34	3613.08
3238.6	3612.07
3239.85	3610.31
3241.11	3612.62
3242.37	3613.96
3243.63	3612.78
3244.89	3610.99
3246.15	3612.03
3247.4	3608.45
3248.66	3612.68
3249.92	3610.07
3251.18	3608.91
3252.43	3607.71
3253.69	3608.56
3254.95	3608.46
3256.2	3608.24
3257.46	3606.94
3258.71	3603.16
3259.97	3602.8
3261.23	3603.7
3262.48	3603.58
3263.74	3600.85
3264.99	3598.78
3266.25	3599.7
3267.5	3597.75
3268.75	3596.27
3270.01	3596.71
3271.26	3594.42
3272.51	3594.78
3273.77	3595.18
3275.02	3595.8
3276.27	3592.81
3277.53	3593.39
3278.78	3590.96
3280.03	3594.26
3281.28	3592.79
3282.53	3589.21
3283.79	3589.54
3285.04	3592.46
3286.29	3589.09
3287.54	3590.43
3288.79	3587.07
3290.04	3592.96
3291.29	3587.18
3292.54	3589.2
3293.79	3590.26
3295.04	3588.47
3296.29	3588.95
3297.54	3586.33
3298.79	3588.88
3300.04	3586.76
3301.29	3585.44
3302.53	3587.23
3303.78	3586.59
3305.03	3587.94
3306.28	3585.92
3307.52	3585.04
3308.77	3585.26
3310.02	3585.43
3311.27	3583.4
3312.51	3586.07
3313.76	3586.76
3315.01	3585.62
3316.25	3584.34
3317.5	3588.62
3318.74	3586.47
3319.99	3586.41
3321.23	3584.09
3322.48	3583.23
3323.72	3589.42
3324.97	3586.9
3326.21	3585.33
3327.46	3585.98
3328.7	3586.93
3329.94	3587.56
3331.19	3587.34
3332.43	3586.43
3333.67	3583.79
3334.92	3583.57
3336.16	3586.68
3337.4	3587.74
3338.64	3587.56
3339.89	3587.1
3341.13	3587.17
3342.37	3585.76
3343.61	3586.02
3344.85	3587.27
3346.09	3586.22
3347.33	3585.75
3348.57	3584.07
3349.82	3585.82
3351.06	3585.67
3352.29	3584.36
3353.53	3585.35
3354.77	3585.35
3356.01	3586.39
3357.25	3585.87
3358.49	3583.14
3359.73	3582.74
3360.97	3583.43
3362.21	3586.34
3363.45	3584.75
3364.68	3585.79
3365.92	3585.61
3367.16	3585.85
3368.4	3586.15
3369.63	3583.72
3370.87	3584.56
3372.11	3585.04
3373.34	3582.93
3374.58	3583.46
3375.81	3584.82
3377.05	3583.85
3378.28	3584.99
3379.52	3586.96
3380.76	3584.46
3381.99	3583.43
3383.22	3584.29
3384.46	3583.73
3385.69	3583.33
3386.93	3583.19
3388.16	3582.74
3389.4	3581.92
3390.63	3582.63
3391.86	3580.76
3393.09	3582.45
3394.33	3582.1
3395.56	3583.32
3396.79	3583.45
3398.02	3581.91
3399.26	3580.74
3400.49	3580.46
3401.72	3581.22
3402.95	3583.22
3404.18	3583.86
3405.41	3580.78
3406.64	3583.43
3407.87	3582.94
3409.11	3581.16
3410.33	3582.24
3411.57	3582.08
3412.79	3582.19
3414.02	3584.03
3415.25	3581.62
3416.48	3581.86
3417.71	3580.44
3418.94	3584.18
3420.17	3581.54
3421.4	3580.66
3422.63	3579.36
3423.85	3581.73
3425.08	3582.98
3426.31	3581.6
3427.53	3581.21
3428.76	3585.15
3429.99	3582.55
3431.21	3586.12
3432.44	3583.71
3433.67	3583.88
3434.89	3584.55
3436.12	3586.35
3437.34	3585.03
3438.57	3585.27
3439.79	3585.05
3441.02	3586.74
3442.24	3582.63
3443.47	3584.17
3444.69	3583.49
3445.92	3584.36
3447.14	3583.52
3448.36	3583.82
3449.59	3583.04
3450.81	3582.88
3452.03	3582.12
3453.26	3581.15
3454.48	3583.47
3455.7	3583.02
3456.92	3580.46
3458.15	3581.56
3459.37	3583.52
3460.59	3579.83
3461.81	3582.4
3463.03	3582.92
3464.25	3577.22
3465.47	3578.36
3466.69	3580.59
3467.92	3579.95
3469.14	3580.09
3470.36	3580.96
3471.58	3580.95
3472.79	3583.41
3474.01	3581.74
3475.23	3581.81
3476.45	3581.41
3477.67	3581
3478.89	3578.94
3480.11	3580.34
3481.33	3578.59
3482.54	3581.08
3483.76	3581.25
3484.98	3579.61
3486.2	3578.39
3487.41	3579.82
3488.63	3578.4
3489.85	3577.86
3491.06	3579.87
3492.28	3579.74
3493.5	3579.82
3494.71	3578.75
3495.93	3579.13
3497.14	3579.3
3498.36	3579.15
3499.57	3581.6
3500.79	3579.53
3502	3580.94
3503.22	3578.2
3504.43	3578.53
3505.64	3578.96
3506.86	3576.47
3508.07	3577.58
3509.28	3579.04
3510.5	3579.31
3511.71	3578.23
3512.92	3578.34
3514.14	3581.49
3515.35	3580.45
3516.56	3578.38
3517.77	3579.58
3518.99	3579.53
3520.2	3580.09
3521.41	3581.64
3522.62	3580.84
3523.83	3580.86
3525.04	3579.28
3526.25	3580.15
3527.46	3580.71
3528.67	3580.44
3529.88	3579.56
3531.09	3579.2
3532.3	3580.04
3533.51	3579.98
3534.72	3576.79
3535.93	3579.94
3537.14	3579.28
3538.35	3579.35
3539.55	3581.13
3540.76	3577.72
3541.97	3579.87
3543.18	3581.87
3544.39	3579.83
3545.59	3579.45
3546.8	3577.77
3548.01	3578.58
3549.21	3579.19
3550.42	3577.81
3551.63	3578.56
3552.83	3577.86
3554.04	3576.95
3555.24	3578.01
3556.45	3576.43
3557.65	3575.41
3558.86	3577.19
3560.06	3577.21
3561.27	3578.11
3562.47	3576.85
3563.68	3574.66
3564.88	3577.34
3566.09	3574.29
3567.29	3576.82
3568.49	3577.07
3569.7	3576.04
3570.9	3574.95
3572.1	3578.3
3573.3	3576.07
3574.51	3575.84
3575.71	3575.09
3576.91	3578.1
3578.11	3575.49
3579.31	3576.7
3580.52	3577.31
3581.72	3576.99
3582.92	3575.55
3584.12	3575.24
3585.32	3577.76
3586.52	3576.67
3587.72	3576.34
3588.92	3576.49
3590.12	3575.72
3591.32	3576.35
3592.52	3573.27
3593.72	3574.43
3594.92	3576.92
3596.12	3575.44
3597.31	3575.49
3598.51	3577.97
3599.71	3575.81
3600.91	3576.85
3602.11	3575.84
3603.3	3575.6
3604.5	3575.53
3605.7	3577.57
3606.9	3576.76
3608.09	3577.25
3609.29	3571.25
3610.49	3576.75
3611.68	3573.14
3612.88	3573.27
3614.07	3574.24
3615.27	3574.9
3616.47	3574.94
3617.66	3573.25
3618.86	3574.42
3620.05	3577.55
3621.25	3575.01
3622.44	3576.68
3623.63	3573.58
3624.83	3574.33
3626.02	3574.36
3627.21	3576.26
3628.41	3575.03
3629.6	3573.74
3630.79	3575.57
3631.99	3575.26
3633.18	3574.48
3634.37	3576.46
3635.56	3576.31
3636.76	3578.73
3637.95	3576.49
3639.14	3575.77
3640.33	3575.88
3641.52	3575.2
3642.71	3576.66
3643.91	3577.28
3645.1	3575.44
3646.29	3574.38
3647.48	3575.2
3648.67	3575.66
3649.86	3575.86
3651.05	3574.87
3652.24	3573.41
3653.42	3576.55
3654.61	3576.65
3655.8	3574.25
3656.99	3575.13
3658.18	3576.62
3659.37	3576.39
3660.56	3577.09
3661.74	3578.94
3662.93	3577.24
3664.12	3576.32
3665.31	3575.15
3666.49	3575.96
3667.68	3577.82
3668.87	3576.76
3670.05	3576.39
3671.24	3578.14
3672.43	3576.08
3673.61	3574.96
3674.8	3577
3675.98	3578.98
3677.17	3577.31
3678.35	3577.57
3679.54	3578.97
3680.72	3578.3
3681.91	3580.03
3683.09	3575.45
3684.28	3578.06
3685.46	3579.37
3686.64	3579.85
3687.83	3577.7
3689.01	3578.22
3690.19	3580.54
3691.38	3579.98
3692.56	3579.98
3693.74	3579.68
3694.92	3581.18
3696.1	3579.86
3697.29	3579.26
3698.47	3580.1
3699.65	3579.6
3700.83	3578.9
3702.01	3581.74
3703.19	3578.87
3704.37	3578.67
3705.55	3580.35
3706.74	3580.6
3707.91	3576.76
3709.1	3578.18
3710.27	3577.26
3711.45	3576.91
3712.63	3578.8
3713.81	3577.14
3714.99	3576.39
3716.17	3577.23
3717.35	3577.2
3718.53	3577.44
3719.71	3575.96
3720.88	3575.09
3722.06	3579.37
3723.24	3575.95
3724.42	3577.77
3725.59	3579.16
3726.77	3578.97
3727.95	3579.38
3729.12	3576.8
3730.3	3577.62
3731.48	3576.99
3732.65	3579.7
3733.83	3577.97
3735	3576.04
3736.18	3577.7
3737.36	3577.9
3738.53	3578.5
3739.7	3578.8
3740.88	3581.17
3742.05	3580.51
3743.23	3579.8
3744.4	3579.64
3745.58	3580.38
3746.75	3580.82
3747.92	3582.73
3749.1	3580.33
3750.27	3579.41
3751.44	3580.32
3752.62	3580.89
3753.79	3578.37
3754.96	3579.76
3756.13	3579.01
3757.31	3578.21
3758.48	3578.97
3759.65	3579.87
3760.82	3577.07
3761.99	3578.17
3763.16	3576.74
3764.33	3577.24
3765.5	3578.2
3766.67	3578.66
3767.84	3578.16
3769.01	3579.53
3770.18	3578.01
3771.35	3576.9
3772.52	3577.25
3773.69	3577.5
3774.86	3578.19
3776.03	3576.56
3777.2	3580.03
3778.37	3575.86
3779.53	3577.02
3780.7	3578.38
3781.87	3577.92
3783.04	3580.25
3784.21	3581.36
3785.37	3580.29
3786.54	3581.39
3787.71	3579.3
3788.87	3581.2
3790.04	3580.68
3791.21	3583.09
3792.37	3583.19
3793.54	3582.73
3794.7	3584.39
3795.87	3584.58
3797.04	3584.62
3798.2	3585.72
3799.36	3584.7
3800.53	3583.22
3801.69	3585.18
3802.86	3587.3
3804.02	3587.99
3805.19	3585.74
3806.35	3586.52
3807.52	3586.58
3808.68	3583.56
3809.84	3583.72
3811	3582.84
3812.17	3582.11
3813.33	3579.77
3814.49	3579.4
3815.65	3579.68
3816.82	3579.55
3817.98	3580.68
3819.14	3577.77
3820.3	3576.74
3821.46	3576.91
3822.62	3576.49
3823.79	3576.16
3824.95	3576.43
3826.11	3577.55
3827.27	3576.6
3828.43	3580.32
3829.59	3577.29
3830.75	3578.93
3831.91	3578.23
3833.07	3577.44
3834.22	3576.85
3835.38	3579.41
3836.54	3578.25
3837.7	3581.39
3838.86	3580.58
3840.02	3579.92
3841.18	3582.68
3842.33	3580.69
3843.49	3579.11
3844.65	3580.04
3845.81	3579.16
3846.96	3579.03
3848.12	3579.94
3849.28	3580.68
3850.43	3578.4
3851.59	3580.85
3852.75	3579.24
3853.9	3581.6
3855.06	3579.01
3856.21	3578.74
3857.37	3579.12
3858.52	3578.54
3859.68	3579.26
3860.83	3578.92
3861.99	3576.61
3863.14	3579.03
3864.3	3576.92
3865.45	3576.38
3866.6	3578.92
3867.76	3576.83
3868.91	3575.34
3870.07	3575.62
3871.22	3577.51
3872.37	3573.59
3873.52	3574.26
3874.68	3575.63
3875.83	3574.26
3876.98	3573.15
3878.13	3575.02
3879.28	3575.13
3880.44	3574.89
3881.59	3573.95
3882.74	3574.88
3883.89	3572.67
3885.04	3573.4
3886.19	3572.77
3887.34	3574.66
3888.49	3573.09
3889.64	3573.44
3890.79	3571.91
3891.94	3572.01
3893.09	3570.89
3894.24	3573.13
3895.39	3573.3
3896.54	3572.36
3897.69	3574.11
3898.84	3573.17
3899.98	3573.64
3901.13	3572.03
3902.28	3572.7
3903.43	3573.01
3904.57	3572.17
3905.72	3572.95
3906.87	3572.81
3908.02	3571.54
3909.16	3567.31
3910.31	3570.55
3911.46	3571.74
3912.6	3573.45
3913.75	3574.5
3914.89	3573.32
3916.04	3571.9
3917.19	3572.52
3918.33	3574.05
3919.48	3572.14
3920.62	3573.26
3921.77	3575.1
3922.91	3573.02
3924.05	3571.18
3925.2	3570.47
3926.34	3571.02
3927.49	3573.14
3928.63	3572.88
3929.77	3573.94
3930.92	3573.47
3932.06	3571.43
3933.2	3569.71
3934.35	3573.53
3935.49	3573.33
3936.63	3572.77
3937.77	3572.71
3938.91	3573.91
3940.06	3574.45
3941.2	3573.19
3942.34	3572.64
3943.48	3573.27
3944.62	3571.87
3945.76	3572.61
3946.9	3571.08
3948.04	3570.98
3949.18	3572.49
3950.32	3573.75
3951.46	3571.81
3952.6	3569.72
3953.74	3570.46
3954.88	3572.06
3956.02	3574.06
3957.16	3570.6
3958.3	3573.32
3959.44	3574.17
3960.58	3571.98
3961.71	3571.86
3962.85	3573.76
3963.99	3572.26
3965.13	3574.36
3966.26	3572.87
3967.4	3572.44
3968.54	3572.58
3969.68	3570.29
3970.81	3569.43
3971.95	3571.18
3973.09	3572.68
3974.22	3574.54
3975.36	3571.64
3976.49	3573.55
3977.63	3575.05
3978.76	3573.02
3979.9	3572.11
3981.03	3570.74
3982.17	3572.91
3983.3	3572.29
3984.44	3571.88
3985.57	3573.07
3986.71	3573.41
3987.84	3571.94
3988.97	3573.51
3990.11	3572.21
3991.24	3572.88
3992.37	3571.59
3993.51	3572.86
3994.64	3572.46
3995.77	3573.26
3996.91	3574.15
3998.04	3572.77
3999.17	3573.11
