50.6108	16564.2
52.4569	15841.3
54.3027	15562.2
56.1481	15359.5
57.991	15020.4
59.8356	14698.8
61.68	14402.8
63.5239	14109.3
65.3653	13740.3
67.2085	13454.8
69.0514	12995
70.8918	12524
72.7339	12031.4
74.5757	11587.8
76.4149	11186.2
78.256	10825.2
80.0967	10561.6
81.9348	10276.8
83.7748	10021.3
85.6144	9801.95
87.4515	9587.21
89.2904	9368.09
91.1289	9218.69
92.9649	9039.08
94.8027	8902.82
96.638	8752.65
98.4751	8648.97
100.312	8506.91
102.146	8385.48
103.982	8301.76
105.815	8210.84
107.651	8104.12
109.483	8021.87
111.318	7942.34
113.15	7877.52
114.984	7799.47
116.815	7730.53
118.648	7659.37
120.481	7598.8
122.311	7530.92
124.143	7456.21
125.973	7377.21
127.804	7322.94
129.633	7272.06
131.462	7213.74
133.292	7159.58
135.12	7123.77
136.949	7083.6
138.776	7041.59
140.605	7008.16
142.431	6994.27
144.259	6974.95
146.085	6963.94
147.91	6958.45
149.737	6948.31
151.562	6944.22
153.388	6948.83
155.212	6947.74
157.035	6959.54
158.86	6971.73
160.683	7016.62
162.508	7038.89
164.33	7117.81
166.151	7186.84
167.975	7278.27
169.796	7388.52
171.616	7515.73
173.439	7653.5
175.259	7795.06
177.078	7958.67
178.899	8105.4
180.718	8183.02
182.537	8187.94
184.355	8161.36
186.175	7999.44
187.992	7827.02
189.809	7597.08
191.628	7412.07
193.444	7243.01
195.26	7094.07
197.076	6979.72
198.893	6905.81
200.708	6839.85
202.523	6776.89
204.337	6736.88
206.151	6702.64
207.967	6667
209.78	6652.46
211.592	6639.14
213.405	6620.08
215.217	6617.3
217.031	6607.45
218.842	6597.23
220.653	6601.88
222.464	6601.38
224.274	6589.82
226.084	6590.05
227.894	6600.74
229.705	6612.75
231.514	6624.62
233.323	6631.5
235.131	6626.36
236.939	6638.85
238.746	6649.74
240.553	6674.63
242.36	6695.99
244.167	6710.18
245.973	6714.45
247.778	6736.37
249.584	6731.15
251.391	6735.65
253.196	6735.07
255	6723.5
256.804	6717.64
258.608	6704.87
260.411	6703.68
262.214	6697.62
264.016	6695.45
265.819	6689.94
267.621	6695.76
269.422	6707.06
271.223	6730.89
273.024	6757.96
274.825	6805.58
276.623	6864.46
278.422	6919.8
280.222	6992.93
282.021	7045.58
283.82	7061.97
285.618	7060.95
287.416	7017.61
289.214	6943.48
291.011	6868.83
292.808	6813.61
294.605	6735.64
296.401	6684.35
298.195	6644.67
299.99	6606.73
301.786	6585.14
303.581	6565.31
305.375	6544.5
307.169	6536.85
308.961	6535.44
310.755	6539.13
312.548	6545.83
314.341	6564.52
316.133	6579.87
317.925	6607.98
319.715	6613.28
321.506	6629.06
323.297	6629.83
325.088	6624.26
326.876	6608.8
328.666	6590.35
330.456	6566.52
332.245	6552.06
334.032	6544.13
335.821	6527.3
337.609	6528.52
339.397	6521.21
341.183	6530
342.97	6537.71
344.757	6528.28
346.541	6530.5
348.327	6528.96
350.113	6535.77
351.897	6535.47
353.682	6544.4
355.467	6548.93
357.249	6563.28
359.033	6592.22
360.817	6626.93
362.599	6676.2
364.382	6718.9
366.164	6770.34
367.945	6830.22
369.727	6863.42
371.507	6870.78
373.288	6864.9
375.067	6868.57
376.848	6837.6
378.628	6810.17
380.406	6812.24
382.186	6848.28
383.963	6915.91
385.742	7018.96
387.518	7166.73
389.297	7316.63
391.072	7400.51
392.85	7416.14
394.625	7358.03
396.402	7235.55
398.177	7098.01
399.953	6946.93
401.727	6826.46
403.502	6708.49
405.275	6608.01
407.05	6522.49
408.823	6453.63
410.597	6398.69
412.369	6367.52
414.142	6342.69
415.913	6318.49
417.684	6295.55
419.456	6287.98
421.227	6279.48
422.998	6271.34
424.768	6261.84
426.537	6256.42
428.308	6252.17
430.076	6252.54
431.844	6252.49
433.614	6245.12
435.381	6242.99
437.15	6242.83
438.917	6246.79
440.683	6252.36
442.451	6254.81
444.217	6259.77
445.982	6255.73
447.747	6260.42
449.514	6261.5
451.278	6265.36
453.042	6263.16
454.807	6255.38
456.571	6264.75
458.334	6269.22
460.096	6272.88
461.861	6280.51
463.622	6279.8
465.384	6289.02
467.145	6290.1
468.906	6290.72
470.669	6296.76
472.429	6297.41
474.189	6293.06
475.948	6292.16
477.708	6292.58
479.468	6295.55
481.227	6300.89
482.985	6315.11
484.743	6344.97
486.501	6388.27
488.258	6441.81
490.017	6520.02
491.773	6573.96
493.529	6613.81
495.285	6603.18
497.041	6551.59
498.796	6489.04
500.55	6428.66
502.305	6375.45
504.059	6335.56
505.813	6307.62
507.566	6294.34
509.322	6283.92
511.074	6271.52
512.827	6270.53
514.579	6264.83
516.331	6259.58
518.082	6259.69
519.833	6251.16
521.584	6252.24
523.334	6246.06
525.085	6245.22
526.834	6242.79
528.584	6234.57
530.333	6236.7
532.082	6231.65
533.83	6227.47
535.578	6229.33
537.324	6224.06
539.071	6221.44
540.818	6224.67
542.565	6215.44
544.312	6217.88
546.058	6214.74
547.804	6220.5
549.549	6210.33
551.294	6210.6
553.039	6220.73
554.783	6215.74
556.525	6217.59
558.269	6216.28
560.012	6220.87
561.756	6221.13
563.498	6225.65
565.241	6230.09
566.981	6235.59
568.723	6249.76
570.464	6257.81
572.205	6267.49
573.946	6284.59
575.684	6299.92
577.424	6321.33
579.164	6332.98
580.904	6349.61
582.643	6356.12
584.379	6360.26
586.118	6362.86
587.856	6363.74
589.592	6360.24
591.329	6357.36
593.066	6361.38
594.803	6369.98
596.537	6374.58
598.273	6375.19
600.009	6385.5
601.743	6393.32
603.478	6398.23
605.213	6391.27
606.945	6397.1
608.679	6384.95
610.413	6367.85
612.144	6342.88
613.878	6337.45
615.61	6320.99
617.341	6312.81
619.073	6303.19
620.803	6293.63
622.534	6293.6
624.265	6287.39
625.994	6285.94
627.725	6284.81
629.453	6290.74
631.183	6289.7
632.91	6298.27
634.639	6303.89
636.366	6314.73
638.095	6313.19
639.823	6313.26
641.549	6317.02
643.276	6321.34
645.002	6314.23
646.728	6321.14
648.453	6324.39
650.179	6319.41
651.903	6305.98
653.627	6309.48
655.352	6304.61
657.075	6294.47
658.799	6301.46
660.522	6291.14
662.246	6283.91
663.967	6286.57
665.688	6289.22
667.411	6287.85
669.132	6278.11
670.854	6281.62
672.574	6279.2
674.294	6279.91
676.015	6281.65
677.734	6278.47
679.455	6280.17
681.173	6284.11
682.891	6290.2
684.611	6296.17
686.328	6303.69
688.045	6318.55
689.764	6345.71
691.48	6365.15
693.196	6386.29
694.912	6418.76
696.629	6440.31
698.344	6479.11
700.059	6509.6
701.774	6524.57
703.49	6510.71
705.203	6480.97
706.917	6441.08
708.63	6398.73
710.345	6357.68
712.057	6324.03
713.77	6294.44
715.481	6279.92
717.193	6258.38
718.906	6254.07
720.617	6242.17
722.327	6232.71
724.038	6225.37
725.747	6227.97
727.457	6221.27
729.168	6219.36
730.877	6221.91
732.586	6220.5
734.294	6220.18
736.002	6220.48
737.71	6220.46
739.417	6217.18
741.124	6219.07
742.83	6218.69
744.539	6230.13
746.245	6228.88
747.951	6230.89
749.656	6229.46
751.361	6234.21
753.066	6226.15
754.77	6239.34
756.474	6231.01
758.178	6230.92
759.881	6229.57
761.584	6235.88
763.287	6238.29
764.99	6238.07
766.692	6235.27
768.393	6240.34
770.095	6244.4
771.796	6248.44
773.497	6261.1
775.198	6269.9
776.898	6279.58
778.598	6285.42
780.295	6300.1
781.995	6314.78
783.693	6323.99
785.392	6330.2
787.09	6330.67
788.788	6344.55
790.486	6354.53
792.183	6363.7
793.88	6375.6
795.575	6396.27
797.271	6421.98
798.967	6429.24
800.663	6424.99
802.359	6407.7
804.054	6389.96
805.746	6373.68
807.441	6348.78
809.135	6343.29
810.829	6342.81
812.522	6334.36
814.214	6331.48
815.906	6320.85
817.599	6316.06
819.291	6316.18
820.981	6314.83
822.673	6326.5
824.364	6337.39
826.053	6355.87
827.744	6374.77
829.434	6394.17
831.124	6408.16
832.812	6408.71
834.501	6417.77
836.19	6434.86
837.877	6455.54
839.565	6488.27
841.253	6532.49
842.939	6601.1
844.627	6695.48
846.312	6808.95
847.998	6973.01
849.685	7192.38
851.369	7514.01
853.055	7968.52
854.739	8531.2
856.424	9123.83
858.109	9584.71
859.791	9775.19
861.476	9574.14
863.158	9133
864.841	8515.35
866.523	7924.16
868.206	7478.53
869.887	7164.91
871.569	6955.26
873.249	6815.04
874.931	6732.98
876.61	6682.48
878.291	6685.3
879.97	6696.42
881.651	6707.56
883.329	6695.75
885.009	6677.2
886.686	6626.54
888.366	6573.36
890.043	6513.56
891.721	6461.04
893.398	6435.44
895.074	6401.88
896.751	6372.25
898.427	6357.88
900.104	6343.41
901.779	6337.83
903.453	6342.35
905.129	6348.52
906.803	6367.17
908.476	6389.07
910.152	6426.07
911.825	6463.01
913.497	6505.44
915.171	6549.69
916.843	6583.6
918.515	6604.5
920.188	6602.21
921.859	6568.87
923.53	6535.37
925.2	6498.97
926.872	6454.05
928.542	6443.11
930.211	6423.85
931.881	6414.48
933.551	6416.47
935.22	6434.84
936.888	6444.51
938.556	6465.58
940.224	6465.84
941.893	6465.53
943.56	6449.03
945.226	6397.24
946.893	6364.12
948.559	6320.75
950.224	6289.01
951.892	6267.94
953.557	6263.95
955.222	6253.41
956.886	6248.51
958.55	6249.06
960.214	6248.1
961.878	6245.86
963.541	6242.92
965.206	6243.9
966.868	6239.92
968.531	6235.01
970.193	6234.3
971.854	6228.29
973.516	6223.82
975.177	6222.81
976.838	6223.61
978.498	6228.39
980.158	6228.68
981.818	6229.95
983.477	6238.95
985.137	6240.54
986.796	6252.29
988.454	6263.97
990.112	6274.32
991.77	6276.85
993.428	6290.35
995.085	6306.02
996.742	6318.41
998.399	6325.8
1000.05	6344.69
1001.71	6351.74
1003.37	6367.16
1005.02	6375.71
1006.68	6387.26
1008.33	6393.5
1009.99	6410.29
1011.64	6421.26
1013.29	6444.23
1014.95	6473.58
1016.6	6527.39
1018.25	6600.08
1019.9	6701.2
1021.56	6801.41
1023.21	6906.79
1024.86	6978.09
1026.51	6999.53
1028.16	6967.78
1029.81	6898.98
1031.46	6802.44
1033.11	6711.09
1034.76	6632.73
1036.41	6590.01
1038.06	6553.77
1039.71	6530.21
1041.36	6528.7
1043.01	6550.98
1044.65	6640.34
1046.3	6772.79
1047.95	6968.09
1049.59	7141.74
1051.24	7241.91
1052.89	7184.27
1054.53	7049.52
1056.18	6887.4
1057.82	6755.32
1059.46	6680.09
1061.11	6659.08
1062.75	6661.38
1064.4	6658.56
1066.04	6651.93
1067.68	6650.95
1069.33	6665.49
1070.97	6687.33
1072.61	6721.44
1074.25	6781.53
1075.89	6867.02
1077.54	6961.06
1079.18	7104.18
1080.82	7309.63
1082.46	7567.28
1084.1	7868.16
1085.74	8085.73
1087.38	8185.92
1089.01	8118.69
1090.65	7946.66
1092.29	7754.76
1093.93	7585.03
1095.57	7443.8
1097.21	7330.57
1098.84	7231.8
1100.48	7130.64
1102.11	7059.95
1103.75	7047.63
1105.39	7102.26
1107.02	7225.61
1108.66	7447.97
1110.29	7807.45
1111.93	8255.25
1113.56	8653.65
1115.19	8870.32
1116.83	8777.02
1118.46	8412.14
1120.09	7933.37
1121.73	7429.51
1123.36	7041.8
1124.99	6784.28
1126.62	6629.28
1128.25	6530.22
1129.88	6473.9
1131.52	6429.84
1133.15	6394.77
1134.78	6384.03
1136.41	6370.9
1138.04	6358.92
1139.66	6347.37
1141.29	6343.84
1142.92	6337.39
1144.55	6324.26
1146.18	6329.22
1147.81	6321.08
1149.43	6317.81
1151.06	6315.98
1152.69	6319.77
1154.31	6333.42
1155.94	6334.42
1157.56	6338.1
1159.19	6338.4
1160.81	6338.3
1162.44	6338.23
1164.06	6337.94
1165.69	6338.18
1167.31	6334.44
1168.93	6340
1170.56	6346.95
1172.18	6349.84
1173.8	6360.47
1175.42	6367.46
1177.05	6364.22
1178.67	6356.78
1180.29	6347.05
1181.91	6339.14
1183.53	6318.33
1185.15	6304.94
1186.77	6293.87
1188.39	6282.02
1190.01	6276.92
1191.63	6269.89
1193.25	6268.75
1194.87	6266.28
1196.48	6261.98
1198.1	6263.15
1199.72	6263.42
1201.34	6259.25
1202.95	6264.34
1204.57	6265.35
1206.19	6272.18
1207.8	6267.28
1209.42	6271.33
1211.03	6268.18
1212.65	6272.46
1214.26	6263.87
1215.88	6264.03
1217.49	6261.09
1219.1	6264.1
1220.72	6257.89
1222.33	6254.93
1223.95	6252.5
1225.56	6256.93
1227.17	6251.32
1228.78	6247.43
1230.39	6255.31
1232	6258.76
1233.61	6258.99
1235.22	6263.5
1236.84	6269.19
1238.45	6274.16
1240.05	6285.69
1241.66	6295.7
1243.27	6311.61
1244.88	6329.99
1246.49	6363.39
1248.1	6397.08
1249.71	6430.89
1251.31	6450.45
1252.92	6453.46
1254.53	6442.39
1256.13	6419.21
1257.74	6407.35
1259.35	6409.78
1260.95	6434.59
1262.56	6474.72
1264.16	6540.38
1265.77	6607.79
1267.37	6678.13
1268.98	6743.33
1270.58	6760.11
1272.18	6740.9
1273.79	6689.67
1275.39	6635.23
1276.99	6570.36
1278.59	6525.28
1280.2	6501.13
1281.8	6473.1
1283.4	6468
1285	6484.87
1286.6	6492.66
1288.2	6529.11
1289.8	6567.39
1291.4	6635.05
1293	6702.42
1294.6	6775.68
1296.2	6868.01
1297.8	6951.64
1299.4	7029.02
1300.99	7146.47
1302.59	7249.81
1304.19	7322.08
1305.79	7346.91
1307.38	7283.98
1308.98	7146.76
1310.57	6965.54
1312.17	6776.46
1313.77	6628.73
1315.36	6510.79
1316.96	6439.88
1318.55	6399.61
1320.14	6367.08
1321.74	6349.87
1323.33	6335.04
1324.93	6327.98
1326.52	6319.16
1328.11	6314.98
1329.7	6310.95
1331.3	6313.17
1332.89	6312.65
1334.48	6311.51
1336.07	6306.55
1337.66	6308.67
1339.25	6294.79
1340.84	6290.83
1342.43	6282.87
1344.02	6272.88
1345.61	6269.12
1347.2	6271.34
1348.79	6272.14
1350.38	6264.36
1351.97	6265.87
1353.55	6266.39
1355.14	6256.42
1356.73	6252.67
1358.31	6252.9
1359.9	6249.27
1361.49	6253.07
1363.07	6262.28
1364.66	6263.89
1366.25	6266.5
1367.83	6275.4
1369.41	6276.92
1371	6289.08
1372.58	6298.05
1374.17	6299.81
1375.75	6304.19
1377.33	6320.03
1378.92	6336.77
1380.5	6347.92
1382.08	6380.45
1383.66	6394.62
1385.25	6420.95
1386.83	6441.41
1388.41	6463.75
1389.99	6490.95
1391.57	6520.1
1393.15	6551.97
1394.73	6593.11
1396.31	6618.31
1397.89	6640.41
1399.47	6609.18
1401.05	6572.68
1402.62	6516.89
1404.2	6471.08
1405.78	6449.17
1407.36	6433.63
1408.94	6447.11
1410.51	6467.56
1412.09	6494.29
1413.66	6544.18
1415.24	6613.7
1416.82	6700.85
1418.39	6806.04
1419.97	6912.12
1421.54	7028.02
1423.12	7095.25
1424.69	7109.1
1426.27	7075.65
1427.84	7021.56
1429.41	6956.1
1430.99	6920.92
1432.56	6907.28
1434.13	6934.27
1435.7	6995.96
1437.27	7101.54
1438.85	7242.6
1440.42	7385.42
1441.99	7504.14
1443.56	7676.71
1445.13	7884.24
1446.7	8133.33
1448.27	8359.42
1449.84	8536.34
1451.41	8589.8
1452.97	8542.07
1454.54	8411.17
1456.11	8246.41
1457.68	8016.03
1459.25	7822.42
1460.81	7578.59
1462.38	7331.25
1463.95	7134.16
1465.52	6961.52
1467.08	6854.22
1468.65	6775.69
1470.21	6705.8
1471.78	6686.63
1473.34	6679.21
1474.91	6670.62
1476.47	6676.21
1478.04	6661.53
1479.6	6654.27
1481.16	6629.34
1482.73	6612.16
1484.29	6570.81
1485.85	6515.03
1487.41	6471.04
1488.98	6424.84
1490.54	6393.12
1492.1	6363.46
1493.66	6336.21
1495.22	6308.5
1496.78	6299.8
1498.34	6285.76
1499.9	6282.12
1501.46	6271.07
1503.02	6259.85
1504.58	6256.9
1506.14	6251.37
1507.7	6238.5
1509.25	6241.3
1510.81	6229.55
1512.37	6225.57
1513.93	6226.13
1515.48	6227.1
1517.04	6225.08
1518.6	6216.05
1520.15	6213.27
1521.71	6212.15
1523.26	6207.44
1524.82	6204.42
1526.37	6203.02
1527.93	6206.31
1529.48	6203.17
1531.03	6200.84
1532.59	6200.33
1534.14	6197.25
1535.7	6200.24
1537.25	6198.98
1538.8	6196.93
1540.35	6195.22
1541.9	6199.98
1543.46	6196.16
1545.01	6192.35
1546.56	6190.94
1548.11	6195.76
1549.66	6186.42
1551.21	6189.48
1552.76	6191.45
1554.31	6180.46
1555.86	6185.72
1557.41	6183.35
1558.96	6182.86
1560.5	6180.05
1562.05	6182.01
1563.6	6180.27
1565.15	6183.06
1566.69	6181.68
1568.24	6183.08
1569.79	6174.94
1571.33	6177.42
1572.88	6179.12
1574.43	6180.82
1575.97	6181.45
1577.52	6181.4
1579.06	6178.67
1580.61	6174.52
1582.15	6174
1583.69	6167.64
1585.24	6172.09
1586.78	6173.04
1588.32	6167.37
1589.87	6169.29
1591.41	6174.2
1592.95	6169.31
1594.49	6169.54
1596.03	6173.05
1597.58	6174.97
1599.12	6179.07
1600.66	6181.37
1602.2	6185.01
1603.74	6187.98
1605.28	6185.47
1606.82	6190.7
1608.36	6193.32
1609.89	6188.64
1611.43	6190.7
1612.97	6187.6
1614.51	6182.27
1616.05	6184.51
1617.59	6175.71
1619.12	6176.68
1620.66	6172.73
1622.2	6176.13
1623.73	6171.25
1625.27	6169.98
1626.8	6172.61
1628.34	6172.06
1629.87	6172.26
1631.41	6169.25
1632.94	6168.21
1634.48	6169.16
1636.01	6170.12
1637.55	6163.6
1639.08	6166.1
1640.61	6163.31
1642.15	6163.4
1643.68	6155.08
1645.21	6153.86
1646.74	6156.28
1648.27	6151.36
1649.81	6156.72
1651.34	6159.23
1652.87	6154.46
1654.4	6153.55
1655.93	6156.42
1657.46	6156.15
1658.99	6153.81
1660.52	6151.03
1662.05	6158.6
1663.58	6155.74
1665.1	6151.86
1666.63	6158.67
1668.16	6157
1669.69	6156.4
1671.22	6159.31
1672.74	6158.19
1674.27	6155.93
1675.8	6159.04
1677.32	6159.23
1678.85	6162.52
1680.37	6165.04
1681.9	6165.78
1683.42	6176.55
1684.95	6182.68
1686.47	6189.85
1688	6186.88
1689.52	6186.4
1691.04	6191.13
1692.57	6183.47
1694.09	6183.39
1695.61	6179.51
1697.14	6184.26
1698.66	6188.32
1700.18	6185.2
1701.7	6190.88
1703.22	6192.39
1704.74	6198.77
1706.26	6205.29
1707.78	6219.54
1709.3	6238.39
1710.82	6257.88
1712.35	6278.24
1713.86	6310.9
1715.38	6369.81
1716.9	6444.76
1718.42	6562.69
1719.94	6738.95
1721.46	6999.06
1722.97	7298.11
1724.49	7562.54
1726.01	7732.22
1727.52	7733.11
1729.04	7614.55
1730.56	7454.84
1732.07	7312.98
1733.59	7206.23
1735.1	7107.85
1736.62	6978.77
1738.13	6846.65
1739.65	6702.74
1741.16	6593.06
1742.68	6501.78
1744.19	6427.2
1745.7	6372.89
1747.22	6329.74
1748.73	6295.73
1750.24	6268.91
1751.75	6256.11
1753.27	6242.8
1754.78	6234.5
1756.29	6233.21
1757.8	6231.89
1759.22	6225.86
1760.73	6220.6
1762.25	6222.96
1763.77	6220.99
1765.28	6215.41
1766.8	6210.08
1768.32	6208.69
1769.83	6207.89
1771.35	6211.73
1772.86	6207.27
1774.38	6205.17
1775.9	6206.43
1777.41	6203.18
1778.92	6204.54
1780.44	6201.91
1781.95	6198.78
1783.46	6199.59
1784.98	6197.76
1786.49	6195.87
1788	6199.57
1789.52	6192.65
1791.03	6194.53
1792.54	6197.54
1794.05	6193.11
1795.56	6192.82
1797.07	6196.73
1798.58	6193.88
1800.1	6193.46
1801.6	6190.79
1803.11	6192.2
1804.62	6193.88
1806.13	6191.87
1807.64	6189.85
1809.15	6193.29
1810.66	6190.32
1812.17	6187.19
1813.68	6196.4
1815.18	6195.39
1816.69	6201.47
1818.2	6204.31
1819.7	6199.91
1821.21	6206.42
1822.72	6208.15
1824.22	6208.07
1825.73	6207.2
1827.23	6205.68
1828.74	6196.01
1830.24	6196.57
1831.75	6193.54
1833.25	6200.3
1834.76	6192.46
1836.26	6190.99
1837.76	6190.69
1839.27	6188.3
1840.77	6189.64
1842.27	6186.81
1843.77	6187.05
1845.28	6186.34
1846.78	6185.66
1848.28	6190.48
1849.78	6185.09
1851.28	6187.1
1852.78	6188.66
1854.28	6186.71
1855.78	6189.11
1857.28	6186.95
1858.78	6188.7
1860.28	6185.73
1861.78	6188.25
1863.28	6186.78
1864.78	6189.54
1866.27	6186.65
1867.77	6185.28
1869.27	6187.37
1870.77	6190
1872.26	6190.44
1873.76	6190.15
1875.26	6189.17
1876.75	6194.24
1878.25	6190.42
1879.75	6191.3
1881.24	6193.69
1882.74	6197.74
1884.23	6191.19
1885.72	6189.44
1887.22	6189.93
1888.71	6188.05
1890.21	6187.02
1891.7	6186.76
1893.19	6188.63
1894.69	6182.41
1896.18	6185.66
1897.67	6182.54
1899.16	6183.5
1900.66	6181.76
1902.15	6181.54
1903.64	6176.76
1905.13	6181.05
1906.62	6182.76
1908.11	6175.18
1909.6	6182.97
1911.09	6184.04
1912.58	6178.21
1914.07	6182.11
1915.56	6179.86
1917.05	6182.67
1918.54	6179.76
1920.02	6180.24
1921.51	6178.98
1923	6177.53
1924.49	6180.4
1925.97	6182.33
1927.46	6176.85
1928.95	6176.37
1930.43	6179.79
1931.92	6176.32
1933.4	6178.97
1934.89	6183.14
1936.38	6177.03
1937.86	6180.47
1939.34	6177.9
1940.83	6177.59
1942.31	6179.92
1943.8	6180.99
1945.28	6175.8
1946.76	6175.86
1948.25	6178.53
1949.73	6178.7
1951.21	6178.86
1952.69	6180.36
1954.17	6179.24
1955.66	6178.81
1957.14	6177.68
1958.62	6175.91
1960.1	6180.51
1961.58	6181.08
1963.06	6180.04
1964.54	6178.95
1966.02	6177.92
1967.5	6179.32
1968.98	6179.2
1970.46	6179.02
1971.94	6181.26
1973.41	6177.38
1974.89	6182.09
1976.37	6179.35
1977.85	6180.5
1979.33	6181.61
1980.8	6179.36
1982.28	6185.48
1983.76	6179.71
1985.23	6177.25
1986.71	6179.69
1988.18	6181.1
1989.66	6178.34
1991.13	6177.98
1992.61	6182.26
1994.08	6182.15
1995.56	6179.45
1997.03	6180.73
1998.5	6183.7
1999.98	6176.95
2001.45	6180.02
2002.93	6183.66
2004.4	6181.99
2005.87	6187.28
2007.34	6182.94
2008.81	6186.04
2010.28	6184.92
2011.76	6186.05
2013.23	6181.13
2014.7	6186.07
2016.17	6183.73
2017.64	6185.7
2019.11	6183.5
2020.58	6188.92
2022.05	6187.23
2023.52	6186.28
2024.99	6188.94
2026.45	6193.33
2027.92	6192.86
2029.39	6189.89
2030.86	6193.62
2032.33	6197.66
2033.79	6195.11
2035.26	6190.76
2036.73	6194.02
2038.19	6194.02
2039.66	6193.59
2041.13	6194.66
2042.59	6191.36
2044.06	6195.07
2045.52	6195.42
2046.99	6195.29
2048.45	6191.04
2049.91	6193.76
2051.38	6191.21
2052.84	6191.13
2054.31	6187.71
2055.77	6191.48
2057.23	6188.68
2058.69	6187.24
2060.16	6186.18
2061.62	6182.12
2063.08	6185.27
2064.54	6187.84
2066	6181.9
2067.46	6189.11
2068.93	6186.86
2070.39	6183.14
2071.85	6185.54
2073.31	6183.92
2074.77	6185.7
2076.23	6187.92
2077.69	6187.04
2079.14	6187.1
2080.6	6186.28
2082.06	6187.76
2083.52	6186.7
2084.98	6190.05
2086.43	6193.49
2087.89	6188.6
2089.35	6190.8
2090.81	6193.31
2092.26	6196.62
2093.72	6194.36
2095.17	6194.73
2096.63	6195.45
2098.09	6189.15
2099.54	6195.05
2100.99	6193.48
2102.45	6193.78
2103.9	6188.19
2105.36	6188.63
2106.81	6192.45
2108.27	6189.79
2109.72	6189.32
2111.17	6186.45
2112.62	6186.44
2114.08	6187.67
2115.53	6185.95
2116.98	6186.25
2118.43	6182.67
2119.89	6185.42
2121.34	6185.17
2122.79	6183.6
2124.24	6181.31
2125.69	6180.96
2127.14	6182.83
2128.59	6182.35
2130.04	6181.4
2131.49	6181.12
2132.94	6180.53
2134.38	6177.93
2135.83	6180.16
2137.28	6182.84
2138.73	6181.89
2140.18	6181
2141.63	6182.84
2143.07	6179.24
2144.52	6179.67
2145.97	6179.26
2147.41	6178.53
2148.86	6175.79
2150.3	6182.14
2151.75	6181.29
2153.19	6182.51
2154.64	6181.44
2156.08	6182.56
2157.53	6187.52
2158.97	6183.89
2160.42	6186.45
2161.86	6194.69
2163.3	6193.06
2164.75	6193.59
2166.19	6197.52
2167.63	6197.43
2169.08	6199.5
2170.52	6200.8
2171.96	6195.14
2173.4	6203.45
2174.84	6202.5
2176.29	6199.3
2177.73	6201.46
2179.17	6197.74
2180.61	6196.41
2182.05	6195.17
2183.49	6191.2
2184.93	6194.97
2186.37	6194.71
2187.81	6192.39
2189.24	6188.52
2190.68	6190.73
2192.12	6193.91
2193.56	6188.67
2195	6192.56
2196.43	6190.61
2197.87	6193.39
2199.31	6192.71
2200.74	6192.96
2202.18	6190.06
2203.62	6195.36
2205.05	6192.21
2206.49	6194.74
2207.92	6194.85
2209.36	6188.94
2210.79	6195.42
2212.23	6191.5
2213.66	6189.17
2215.1	6191.17
2216.53	6194.08
2217.96	6191.01
2219.4	6190.15
2220.83	6191.72
2222.26	6189.55
2223.7	6197.92
2225.13	6189.11
2226.56	6190.69
2227.99	6191.28
2229.42	6191.14
2230.86	6187.95
2232.28	6186.45
2233.72	6185.74
2235.15	6189.04
2236.58	6189.39
2238.01	6189.75
2239.44	6186.29
2240.87	6184.59
2242.3	6188.82
2243.72	6184.94
2245.15	6192.21
2246.58	6190.08
2248.01	6186.6
2249.44	6192.04
2250.86	6190.72
2252.29	6190.79
2253.72	6189.72
2255.15	6188.11
2256.57	6188.54
2258	6191.59
2259.43	6193.7
2260.85	6191.29
2262.28	6191.48
2263.7	6190.68
2265.13	6190.63
2266.55	6193.38
2267.97	6191.28
2269.4	6190.99
2270.82	6192.7
2272.25	6191.21
2273.67	6192.06
2275.09	6193.96
2276.52	6192.35
2277.94	6192.07
2279.36	6195.57
2280.78	6194.06
2282.21	6196.63
2283.63	6199.17
2285.05	6203.33
2286.47	6201.47
2287.89	6204.17
2289.31	6205.97
2290.73	6205.27
2292.15	6198.63
2293.57	6204.06
2294.99	6194.6
2296.41	6198.11
2297.83	6192.83
2299.25	6196.13
2300.67	6194.37
2302.08	6193.91
2303.5	6191.82
2304.92	6193.48
2306.34	6196.57
2307.76	6193.37
2309.17	6194.56
2310.59	6198.04
2312.01	6194.09
2313.42	6198.17
2314.84	6193.4
2316.25	6198.41
2317.67	6202.63
2319.08	6196.66
2320.5	6195.16
2321.92	6198.66
2323.33	6198.69
2324.74	6204.17
2326.16	6201.47
2327.57	6203.46
2328.98	6202.68
2330.4	6199.4
2331.81	6201.02
2333.22	6200.98
2334.63	6200.26
2336.05	6197.05
2337.46	6200.07
2338.87	6197.69
2340.28	6196.72
2341.69	6197.98
2343.1	6192.09
2344.51	6193.32
2345.92	6189.09
2347.33	6193.34
2348.74	6192.96
2350.15	6192.89
2351.56	6192.34
2352.97	6188.76
2354.38	6190.83
2355.79	6193.2
2357.2	6191.09
2358.61	6186.94
2360.01	6186.1
2361.42	6192.31
2362.83	6184.39
2364.24	6187.7
2365.64	6185.69
2367.05	6193.12
2368.46	6194.38
2369.86	6189.39
2371.27	6192.39
2372.67	6187
2374.08	6190.45
2375.48	6190.37
2376.89	6193.11
2378.29	6194.44
2379.7	6191.15
2381.1	6188.13
2382.5	6191.73
2383.91	6194.65
2385.31	6192.01
2386.72	6187.73
2388.12	6192.96
2389.52	6192.1
2390.92	6196.7
2392.32	6190.41
2393.73	6196.53
2395.13	6194.56
2396.53	6195.77
2397.93	6191.1
2399.33	6195.95
2400.73	6195.59
2402.13	6197.49
2403.53	6197.74
2404.93	6198.98
2406.33	6194.15
2407.73	6193.53
2409.13	6194.36
2410.53	6196.55
2411.93	6195.31
2413.32	6199
2414.72	6192.43
2416.12	6200.37
2417.52	6198.79
2418.91	6199.66
2420.31	6193.16
2421.71	6196.61
2423.1	6195.03
2424.5	6196.32
2425.9	6200.49
2427.29	6196.48
2428.69	6194.59
2430.08	6195.27
2431.48	6197.08
2432.87	6200.01
2434.27	6194.31
2435.66	6197.54
2437.05	6198.38
2438.45	6195.39
2439.84	6195.66
2441.23	6194.33
2442.63	6196.99
2444.02	6194.92
2445.41	6195.53
2446.8	6193.42
2448.2	6193.28
2449.59	6196.81
2450.98	6196.77
2452.37	6192.06
2453.76	6195.37
2455.15	6190.92
2456.54	6194.81
2457.93	6196.73
2459.32	6195.71
2460.71	6195.97
2462.1	6193.9
2463.49	6200.15
2464.88	6196.09
2466.27	6199.84
2467.66	6198.03
2469.04	6204.72
2470.43	6197.23
2471.82	6198.35
2473.21	6203.92
2474.59	6207.15
2475.98	6203.56
2477.37	6210.3
2478.76	6206.45
2480.14	6205.58
2481.53	6206.35
2482.91	6207.52
2484.3	6208.95
2485.68	6204.95
2487.07	6206.74
2488.45	6206.9
2489.84	6212.14
2491.22	6215.4
2492.61	6215.16
2493.99	6214.5
2495.37	6215.59
2496.76	6219.21
2498.14	6222.22
2499.52	6217.42
2500.9	6217.86
2502.29	6218.73
2503.67	6213.7
2505.05	6217.55
2506.43	6215.78
2507.81	6218.66
2509.19	6216.24
2510.57	6215.88
2511.96	6215.06
2513.34	6213.33
2514.72	6213.45
2516.09	6212.15
2517.47	6209.11
2518.85	6208.78
2520.23	6209.87
2521.61	6212.11
2522.99	6208.83
2524.37	6209.12
2525.75	6210.55
2527.12	6213.2
2528.5	6214.89
2529.88	6213.6
2531.25	6215.99
2532.63	6218.42
2534.01	6218.28
2535.38	6217.88
2536.76	6215.91
2538.14	6216.41
2539.51	6216.02
2540.89	6214.38
2542.26	6213.89
2543.64	6216.24
2545.01	6212.07
2546.39	6215.76
2547.76	6209.97
2549.13	6211.36
2550.51	6212.96
2551.88	6208.83
2553.25	6211.13
2554.63	6209.59
2556	6212.98
2557.37	6210.83
2558.74	6214.08
2560.12	6211.9
2561.49	6210.48
2562.86	6213.95
2564.23	6212.15
2565.6	6218.68
2566.97	6216.8
2568.34	6213.67
2569.71	6215.14
2571.08	6216.17
2572.45	6214.86
2573.82	6215.12
2575.19	6213.35
2576.56	6214.16
2577.93	6213.51
2579.3	6213.37
2580.66	6214.58
2582.03	6218.33
2583.4	6218.49
2584.77	6217.53
2586.13	6224.82
2587.5	6225.6
2588.87	6224.97
2590.23	6231.31
2591.6	6230.03
2592.97	6233.13
2594.33	6232.66
2595.7	6238.39
2597.06	6242.38
2598.43	6243.25
2599.79	6251.27
2601.16	6247.54
2602.52	6248.76
2603.89	6244.11
2605.25	6250.22
2606.61	6246.01
2607.98	6247.93
2609.34	6243.42
2610.7	6250.23
2612.07	6246.36
2613.43	6242.87
2614.79	6235.7
2616.15	6241.94
2617.51	6239.51
2618.87	6235.32
2620.24	6234.76
2621.6	6235.76
2622.96	6232.74
2624.32	6232.85
2625.68	6231.42
2627.04	6232.36
2628.4	6227.74
2629.76	6226.04
2631.12	6226.07
2632.47	6225.29
2633.83	6226.59
2635.19	6224.98
2636.55	6223.88
2637.91	6224.46
2639.26	6224.91
2640.62	6228.14
2641.98	6226.57
2643.34	6226.65
2644.69	6232.68
2646.05	6228.4
2647.41	6232.18
2648.76	6239.24
2650.12	6234.95
2651.47	6237.46
2652.83	6237.23
2654.18	6242.28
2655.54	6240.75
2656.89	6245.24
2658.25	6243.35
2659.6	6236.64
2660.96	6237.71
2662.31	6243.51
2663.66	6240.61
2665.02	6240.45
2666.37	6238.66
2667.72	6242.36
2669.07	6244.26
2670.43	6246.04
2671.78	6245.01
2673.13	6240.48
2674.48	6247.63
2675.83	6242.51
2677.18	6248.78
2678.53	6243.61
2679.89	6241.82
2681.24	6250.6
2682.59	6249.81
2683.94	6253.63
2685.29	6248.8
2686.63	6251.61
2687.98	6258.01
2689.33	6260.73
2690.68	6262.58
2692.03	6267.51
2693.38	6271.26
2694.72	6270.25
2696.07	6278.41
2697.42	6277.66
2698.77	6282.56
2700.11	6286.21
2701.46	6292.07
2702.81	6295.28
2704.15	6299.7
2705.5	6309.05
2706.84	6320.68
2708.19	6323.08
2709.53	6341.7
2710.88	6354.52
2712.22	6359.34
2713.57	6375.88
2714.91	6374.15
2716.26	6384.33
2717.6	6393.37
2718.95	6400.69
2720.29	6410.02
2721.63	6423.81
2722.97	6429.34
2724.32	6445.98
2725.66	6457.04
2727	6465.46
2728.34	6470.81
2729.68	6465.16
2731.03	6465.94
2732.37	6458.54
2733.71	6445.65
2735.05	6440.26
2736.39	6436.3
2737.73	6427.05
2739.07	6420.07
2740.41	6417.47
2741.75	6418.3
2743.09	6414.51
2744.43	6416.69
2745.77	6418.23
2747.1	6417.69
2748.44	6418.89
2749.78	6428.14
2751.12	6422.29
2752.46	6421.89
2753.79	6419.83
2755.13	6413.1
2756.47	6406.7
2757.81	6405.83
2759.14	6399.2
2760.48	6397.94
2761.81	6398.79
2763.15	6398.87
2764.49	6395.33
2765.82	6398.42
2767.16	6391.12
2768.49	6399.16
2769.83	6395.18
2771.16	6395.06
2772.49	6392.08
2773.83	6391.29
2775.16	6392.55
2776.49	6390.45
2777.83	6388.68
2779.16	6386.66
2780.49	6381.09
2781.83	6377.3
2783.16	6383.5
2784.49	6380.7
2785.82	6379.16
2787.15	6376.68
2788.48	6373.45
2789.81	6375.03
2791.15	6365.95
2792.48	6366.94
2793.81	6360.47
2795.14	6352.21
2796.47	6348.67
2797.8	6350.7
2799.12	6347.12
2800.45	6337.83
2801.78	6334.94
2803.11	6337.33
2804.44	6338.54
2805.77	6339.01
2807.1	6341.09
2808.42	6339.97
2809.75	6338.34
2811.08	6350.56
2812.41	6357.3
2813.73	6347.1
2815.06	6363.06
2816.39	6373.88
2817.71	6379.42
2819.04	6392.63
2820.36	6401.05
2821.69	6409.37
2823.01	6424.14
2824.34	6444.98
2825.66	6453.33
2826.99	6476.08
2828.31	6493.88
2829.64	6514.89
2830.96	6540.18
2832.28	6560.18
2833.61	6566.07
2834.93	6574.5
2836.25	6568.9
2837.58	6564.95
2838.9	6554.53
2840.22	6541.57
2841.54	6549.59
2842.86	6543.94
2844.19	6548.07
2845.51	6562.69
2846.83	6580.58
2848.15	6596.88
2849.47	6623.13
2850.79	6652.57
2852.11	6700.18
2853.43	6742.38
2854.75	6797.92
2856.07	6850.47
2857.39	6921.56
2858.7	7007.19
2860.02	7103.63
2861.34	7231.91
2862.66	7378.78
2863.98	7569.61
2865.3	7774.22
2866.61	8010.99
2867.93	8275.6
2869.25	8557.81
2870.56	8823.61
2871.88	9021.56
2873.2	9162.93
2874.51	9197.57
2875.83	9127.47
2877.15	9006.37
2878.46	8837.74
2879.78	8677.65
2881.09	8542
2882.4	8406.84
2883.72	8362.32
2885.03	8330.06
2886.35	8358.73
2887.66	8398.08
2888.98	8491.71
2890.29	8596.38
2891.6	8748.17
2892.91	8936.64
2894.23	9109.68
2895.54	9317.39
2896.85	9517.49
2898.16	9690.11
2899.47	9793.3
2900.79	9870.37
2902.1	9910.87
2903.41	9895.33
2904.72	9918.07
2906.03	9921.13
2907.34	9928.46
2908.65	9979.52
2909.96	10029.2
2911.27	10147.2
2912.58	10292.5
2913.89	10489.8
2915.2	10708.2
2916.51	11029.4
2917.82	11341.4
2919.12	11769.6
2920.43	12159.3
2921.74	12590.4
2923.05	13046.8
2924.35	13454.7
2925.66	13731
2926.97	13971.6
2928.27	14091.1
2929.58	14055.6
2930.89	14005.4
2932.19	13905
2933.5	13714
2934.8	13502.7
2936.11	13315.9
2937.41	13091.9
2938.72	12890.7
2940.02	12741.1
2941.33	12559
2942.63	12335.7
2943.94	12038.8
2945.24	11712.9
2946.54	11347.1
2947.85	10981.6
2949.15	10630.9
2950.45	10346.2
2951.75	10082.1
2953.06	9867.03
2954.36	9718.28
2955.66	9587.54
2956.96	9476.58
2958.26	9380.08
2959.56	9274.6
2960.87	9237.4
2962.17	9181.34
2963.47	9119.19
2964.77	9112.5
2966.07	9124.56
2967.37	9154.22
2968.67	9178.42
2969.97	9268.88
2971.27	9343.57
2972.56	9447.84
2973.86	9580.3
2975.16	9734.01
2976.46	9876.35
2977.76	10020.6
2979.06	10090.5
2980.35	10110.9
2981.65	9971.34
2982.95	9774.64
2984.24	9468.47
2985.54	9144.99
2986.84	8835.74
2988.13	8566.22
2989.43	8330.35
2990.73	8162.19
2992.02	7997.29
2993.32	7864.63
2994.61	7734.08
2995.91	7624.98
2997.2	7511.32
2998.49	7404.15
2999.79	7290.65
3001.08	7199.7
3002.38	7120.36
3003.67	7055.96
3004.96	6985.79
3006.26	6927.74
3007.55	6887.18
3008.84	6829.79
3010.13	6787.4
3011.43	6753.44
3012.72	6728.96
3014.01	6694.46
3015.3	6664.57
3016.59	6636.43
3017.88	6618.86
3019.17	6603.25
3020.46	6581.11
3021.76	6565.5
3023.04	6543.9
3024.33	6536.56
3025.62	6517.61
3026.91	6504.8
3028.2	6501.56
3029.49	6486.93
3030.78	6478.16
3032.07	6460.67
3033.36	6455.84
3034.65	6446.52
3035.93	6447.46
3037.22	6435.13
3038.51	6424.71
3039.79	6416.37
3041.08	6410.18
3042.37	6403.67
3043.66	6397.62
3044.94	6395.67
3046.23	6388.08
3047.51	6381.2
3048.8	6375.11
3050.08	6364.84
3051.37	6362.3
3052.65	6357.06
3053.94	6354.13
3055.22	6349.65
3056.51	6346.5
3057.79	6343.77
3059.07	6338.01
3060.36	6333.26
3061.64	6327.89
3062.92	6328.75
3064.21	6325.45
3065.49	6319.93
3066.77	6313.27
3068.06	6310.15
3069.34	6309.88
3070.62	6307.48
3071.9	6299.64
3073.18	6302.41
3074.46	6296.47
3075.74	6298.8
3077.02	6293.04
3078.3	6291.77
3079.59	6288.93
3080.87	6281.43
3082.15	6283.25
3083.42	6283.46
3084.7	6278.92
3085.98	6283.09
3087.26	6277.95
3088.54	6273.55
3089.82	6272.75
3091.1	6272.46
3092.38	6267.35
3093.65	6261.78
3094.93	6262.43
3096.21	6259.99
3097.48	6260.4
3098.76	6257.23
3100.04	6259.43
3101.32	6247.84
3102.59	6256.02
3103.87	6252.22
3105.14	6248.46
3106.42	6255.13
3107.69	6246.02
3108.97	6248.63
3110.24	6243.28
3111.52	6244.85
3112.79	6241.89
3114.07	6243.2
3115.34	6237.07
3116.61	6235.04
3117.89	6235.37
3119.16	6236.17
3120.43	6234.31
3121.71	6231.83
3122.98	6232.88
3124.25	6232.47
3125.53	6226.28
3126.8	6229.38
3128.07	6225.42
3129.34	6228.23
3130.61	6224.37
3131.88	6223.01
3133.15	6225
3134.42	6222.34
3135.7	6218.83
3136.97	6218.91
3138.23	6219.62
3139.5	6219.4
3140.77	6218.73
3142.04	6216.35
3143.31	6215.11
3144.58	6217.35
3145.85	6216.77
3147.12	6217.66
3148.39	6215.19
3149.65	6214.85
3150.92	6212.5
3152.19	6215.82
3152.47	6217.01
3153.75	6212.02
3155.02	6209.9
3156.29	6215.55
3157.57	6213.7
3158.84	6215.23
3160.11	6206.85
3161.39	6211.53
3162.66	6213.51
3163.93	6212.46
3165.2	6211.86
3166.47	6208.58
3167.74	6209.59
3169.02	6210.84
3170.29	6207.07
3171.56	6208.73
3172.83	6209.44
3174.1	6208.03
3175.37	6209.55
3176.64	6211.91
3177.91	6205.93
3179.18	6207.82
3180.45	6207.23
3181.72	6203.62
3182.98	6205.04
3184.25	6201.54
3185.52	6202.99
3186.79	6202.09
3188.06	6200.69
3189.32	6198.08
3190.59	6201.89
3191.86	6200.42
3193.13	6198.43
3194.39	6197.75
3195.66	6201.64
3196.93	6197.64
3198.19	6196.79
3199.46	6193.7
3200.72	6194.87
3201.99	6197.91
3203.25	6194.14
3204.52	6193.59
3205.79	6192.27
3207.05	6192.04
3208.31	6192.45
3209.58	6191.87
3210.84	6191.23
3212.11	6190.49
3213.37	6192
3214.63	6194.11
3215.9	6191.92
3217.16	6193.34
3218.42	6192.52
3219.68	6190.71
3220.95	6193.59
3222.21	6193.84
3223.47	6189.87
3224.73	6193.62
3225.99	6195.01
3227.25	6195.75
3228.51	6192.21
3229.78	6193.34
3231.04	6190.18
3232.3	6192.89
3233.56	6190.77
3234.82	6195.17
3236.08	6195.78
3237.34	6191.78
3238.6	6195.25
3239.85	6194.33
3241.11	6194.83
3242.37	6194.67
3243.63	6198.45
3244.89	6198.97
3246.15	6196.22
3247.4	6194.24
3248.66	6196.3
3249.92	6191.57
3251.18	6193.54
3252.43	6190.88
3253.69	6188.13
3254.95	6190.55
3256.2	6190.82
3257.46	6186.19
3258.71	6185.87
3259.97	6186.83
3261.23	6183.12
3262.48	6184.33
3263.74	6179.32
3264.99	6178.26
3266.25	6177.33
3267.5	6177.76
3268.75	6178.2
3270.01	6178.78
3271.26	6179.39
3272.51	6177.16
3273.77	6171.1
3275.02	6172.83
3276.27	6173.1
3277.53	6169.86
3278.78	6175.1
3280.03	6168.85
3281.28	6171.66
3282.53	6169.05
3283.79	6170.12
3285.04	6172.65
3286.29	6169.4
3287.54	6167.93
3288.79	6170.32
3290.04	6169.67
3291.29	6167.9
3292.54	6167.83
3293.79	6167.97
3295.04	6168.75
3296.29	6167.59
3297.54	6166.39
3298.79	6166.24
3300.04	6166.8
3301.29	6165.83
3302.53	6165.07
3303.78	6168.4
3305.03	6165.37
3306.28	6165.21
3307.52	6164.5
3308.77	6166.79
3310.02	6166.12
3311.27	6164.94
3312.51	6166.7
3313.76	6164.99
3315.01	6163.69
3316.25	6163.96
3317.5	6163.83
3318.74	6165.57
3319.99	6164.33
3321.23	6163.12
3322.48	6163.09
3323.72	6163.07
3324.97	6164.09
3326.21	6163.2
3327.46	6160.96
3328.7	6163.67
3329.94	6162.86
3331.19	6162.25
3332.43	6162.71
3333.67	6163.44
3334.92	6161.33
3336.16	6163.06
3337.4	6162.77
3338.64	6164.1
3339.89	6162.63
3341.13	6159.91
3342.37	6164.49
3343.61	6163.03
3344.85	6161.67
3346.09	6161.78
3347.33	6161.68
3348.57	6162.5
3349.82	6161.77
3351.06	6161.29
3352.29	6157.96
3353.53	6163.34
3354.77	6159.99
3356.01	6157.61
3357.25	6163.54
3358.49	6161.62
3359.73	6159.06
3360.97	6159.83
3362.21	6160.55
3363.45	6161.29
3364.68	6160.3
3365.92	6160.92
3367.16	6159.16
3368.4	6160.31
3369.63	6160.19
3370.87	6161.8
3372.11	6161.75
3373.34	6159.22
3374.58	6160.29
3375.81	6158.29
3377.05	6157.61
3378.28	6161.08
3379.52	6156.73
3380.76	6162.49
3381.99	6163.19
3383.22	6161.03
3384.46	6159.09
3385.69	6158.82
3386.93	6158.39
3388.16	6159.25
3389.4	6158.99
3390.63	6157
3391.86	6157.05
3393.09	6157.1
3394.33	6157.04
3395.56	6157.57
3396.79	6158.86
3398.02	6158.55
3399.26	6155.79
3400.49	6159.23
3401.72	6157.16
3402.95	6156.73
3404.18	6159.06
3405.41	6158.49
3406.64	6156.89
3407.87	6158.85
3409.11	6156.77
3410.33	6159.42
3411.57	6159.43
3412.79	6160.95
3414.02	6156.18
3415.25	6157.73
3416.48	6159.08
3417.71	6159.78
3418.94	6159.29
3420.17	6157.93
3421.4	6158.84
3422.63	6157.05
3423.85	6158.64
3425.08	6160.25
3426.31	6156.86
3427.53	6160.87
3428.76	6160.3
3429.99	6158.62
3431.21	6158.25
3432.44	6159.24
3433.67	6159.48
3434.89	6162.46
3436.12	6161.54
3437.34	6161.06
3438.57	6159.81
3439.79	6161.37
3441.02	6162.73
3442.24	6162.04
3443.47	6160.83
3444.69	6160.4
3445.92	6159.12
3447.14	6158.73
3448.36	6156.14
3449.59	6157.18
3450.81	6157.96
3452.03	6161.22
3453.26	6158.97
3454.48	6153.63
3455.7	6156.96
3456.92	6158.09
3458.15	6157.02
3459.37	6155.3
3460.59	6158.42
3461.81	6155.58
3463.03	6152.9
3464.25	6154.91
3465.47	6154.88
3466.69	6156.18
3467.92	6152.33
3469.14	6158.31
3470.36	6155.64
3471.58	6156.55
3472.79	6155.24
3474.01	6156.45
3475.23	6155.59
3476.45	6154.19
3477.67	6154.15
3478.89	6157.91
3480.11	6154.58
3481.33	6153.43
3482.54	6152.28
3483.76	6155.43
3484.98	6155.94
3486.2	6154.39
3487.41	6155.45
3488.63	6153.28
3489.85	6151.53
3491.06	6156
3492.28	6154.78
3493.5	6154.62
3494.71	6153.91
3495.93	6152.08
3497.14	6156.88
3498.36	6157.86
3499.57	6154.99
3500.79	6156.87
3502	6155.66
3503.22	6154.04
3504.43	6155.99
3505.64	6158.04
3506.86	6157.21
3508.07	6152.91
3509.28	6158.04
3510.5	6155.07
3511.71	6152.75
3512.92	6157.36
3514.14	6157.06
3515.35	6155.48
3516.56	6154.38
3517.77	6157.7
3518.99	6156.89
3520.2	6158.53
3521.41	6157.22
3522.62	6158.41
3523.83	6156.72
3525.04	6158.81
3526.25	6159.1
3527.46	6158.18
3528.67	6157.16
3529.88	6159.4
3531.09	6161.81
3532.3	6162.24
3533.51	6157.91
3534.72	6157.73
3535.93	6159.76
3537.14	6159.01
3538.35	6159.96
3539.55	6159.15
3540.76	6159.25
3541.97	6162.54
3543.18	6161.97
3544.39	6159.86
3545.59	6156.33
3546.8	6158.32
3548.01	6159.88
3549.21	6160.48
3550.42	6158.36
3551.63	6158.32
3552.83	6158.27
3554.04	6155.78
3555.24	6155.35
3556.45	6158.58
3557.65	6158.57
3558.86	6158.03
3560.06	6157.66
3561.27	6154.38
3562.47	6154.18
3563.68	6158.5
3564.88	6158.27
3566.09	6155.25
3567.29	6150.7
3568.49	6152.92
3569.7	6152.22
3570.9	6150.95
3572.1	6151.04
3573.3	6149.92
3574.51	6150.36
3575.71	6151.42
3576.91	6148.14
3578.11	6149.46
3579.31	6149.05
3580.52	6150.92
3581.72	6147.59
3582.92	6152.44
3584.12	6149.65
3585.32	6149.21
3586.52	6148.62
3587.72	6150.86
3588.92	6150.06
3590.12	6151.17
3591.32	6150.92
3592.52	6150.16
3593.72	6149.68
3594.92	6147.91
3596.12	6152.74
3597.31	6150.79
3598.51	6149
3599.71	6151.23
3600.91	6152.15
3602.11	6152.29
3603.3	6145.88
3604.5	6149.16
3605.7	6147.72
3606.9	6148.82
3608.09	6149.74
3609.29	6150.61
3610.49	6149.2
3611.68	6150.3
3612.88	6150.45
3614.07	6144.99
3615.27	6148.67
3616.47	6148.68
3617.66	6149.43
3618.86	6150
3620.05	6150.08
3621.25	6145.35
3622.44	6149.21
3623.63	6146.68
3624.83	6148.69
3626.02	6147.89
3627.21	6151.3
3628.41	6148.35
3629.6	6147.47
3630.79	6151.27
3631.99	6147.53
3633.18	6149.24
3634.37	6149.14
3635.56	6145.47
3636.76	6149.71
3637.95	6146.85
3639.14	6147.72
3640.33	6149.97
3641.52	6146.13
3642.71	6151.25
3643.91	6147.44
3645.1	6149.19
3646.29	6146.17
3647.48	6147.59
3648.67	6149.17
3649.86	6148.68
3651.05	6147.93
3652.24	6149.05
3653.42	6146.82
3654.61	6147.36
3655.8	6145.22
3656.99	6148.09
3658.18	6145.6
3659.37	6146.57
3660.56	6148.45
3661.74	6149.19
3662.93	6142.26
3664.12	6149.41
3665.31	6148.41
3666.49	6146.45
3667.68	6146.64
3668.87	6142.73
3670.05	6147.34
3671.24	6148.91
3672.43	6146.52
3673.61	6148.23
3674.8	6150.71
3675.98	6146.96
3677.17	6148.67
3678.35	6148
3679.54	6147.86
3680.72	6148.53
3681.91	6149.21
3683.09	6146.73
3684.28	6150.12
3685.46	6150.81
3686.64	6148.96
3687.83	6150.11
3689.01	6151.51
3690.19	6146.89
3691.38	6144.91
3692.56	6152.58
3693.74	6151.67
3694.92	6147.23
3696.1	6151.17
3697.29	6149.32
3698.47	6149.06
3699.65	6149.21
3700.83	6146.74
3702.01	6148.25
3703.19	6146.4
3704.37	6146.53
3705.55	6148.38
3706.74	6145.77
3707.91	6149.33
3709.1	6147.35
3710.27	6144.55
3711.45	6148.12
3712.63	6146.07
3713.81	6147
3714.99	6147.57
3716.17	6148.77
3717.35	6147.75
3718.53	6148.24
3719.71	6147.81
3720.88	6148.12
3722.06	6147.71
3723.24	6144.78
3724.42	6148.35
3725.59	6146.69
3726.77	6146.47
3727.95	6147.22
3729.12	6149.49
3730.3	6148.44
3731.48	6147.71
3732.65	6148.57
3733.83	6142.48
3735	6146.51
3736.18	6148.42
3737.36	6149.96
3738.53	6148.24
3739.7	6149.94
3740.88	6146.26
3742.05	6151.12
3743.23	6148.21
3744.4	6149.13
3745.58	6151.6
3746.75	6148.88
3747.92	6147.71
3749.1	6147.06
3750.27	6147.98
3751.44	6147.3
3752.62	6146.8
3753.79	6149.62
3754.96	6150.85
3756.13	6147.76
3757.31	6147.77
3758.48	6146.88
3759.65	6149.25
3760.82	6149.33
3761.99	6147.34
3763.16	6146.13
3764.33	6145.76
3765.5	6145.76
3766.67	6145.35
3767.84	6148.78
3769.01	6148.27
3770.18	6146.77
3771.35	6147.45
3772.52	6148.01
3773.69	6145.82
3774.86	6146.94
3776.03	6147.38
3777.2	6148.18
3778.37	6146.55
3779.53	6146.69
3780.7	6145.17
3781.87	6147.81
3783.04	6148.17
3784.21	6144.54
3785.37	6147.74
3786.54	6149.48
3787.71	6151.58
3788.87	6150.82
3790.04	6152.25
3791.21	6152.54
3792.37	6150.81
3793.54	6154.84
3794.7	6151.11
3795.87	6149.23
3797.04	6149.78
3798.2	6155.4
3799.36	6154.6
3800.53	6155
3801.69	6154.42
3802.86	6153.99
3804.02	6155.93
3805.19	6154.45
3806.35	6156.21
3807.52	6153.82
3808.68	6151.53
3809.84	6153.69
3811	6148.53
3812.17	6148.45
3813.33	6148.63
3814.49	6149.06
3815.65	6146.24
3816.82	6145.32
3817.98	6147.02
3819.14	6146.24
3820.3	6143.72
3821.46	6146.15
3822.62	6140.86
3823.79	6147.55
3824.95	6145.6
3826.11	6144.71
3827.27	6144.65
3828.43	6144.43
3829.59	6143.88
3830.75	6145.86
3831.91	6144.88
3833.07	6145.41
3834.22	6144.92
3835.38	6145.08
3836.54	6144.81
3837.7	6147.21
3838.86	6147.8
3840.02	6146.65
3841.18	6150.4
3842.33	6143.55
3843.49	6146.31
3844.65	6147.96
3845.81	6144.56
3846.96	6151.31
3848.12	6146.49
3849.28	6145.9
3850.43	6147.26
3851.59	6146.32
3852.75	6145.79
3853.9	6147.5
3855.06	6142.81
3856.21	6142.19
3857.37	6143.62
3858.52	6143.45
3859.68	6143.53
3860.83	6142.67
3861.99	6142.11
3863.14	6141.24
3864.3	6139.34
3865.45	6142.77
3866.6	6142.39
3867.76	6139.95
3868.91	6143.14
3870.07	6143.81
3871.22	6143.74
3872.37	6142.74
3873.52	6137.64
3874.68	6141.78
3875.83	6138.01
3876.98	6140.6
3878.13	6139.15
3879.28	6138.91
3880.44	6137.01
3881.59	6136.57
3882.74	6141.37
3883.89	6140.63
3885.04	6136.94
3886.19	6136.61
3887.34	6135.9
3888.49	6137.52
3889.64	6138.66
3890.79	6139.47
3891.94	6139.56
3893.09	6142.21
3894.24	6140.88
3895.39	6137.38
3896.54	6138.82
3897.69	6138.71
3898.84	6136.67
3899.98	6140.01
3901.13	6137.17
3902.28	6139.27
3903.43	6139.61
3904.57	6136.72
3905.72	6138.99
3906.87	6138.75
3908.02	6138.76
3909.16	6134.11
3910.31	6137.52
3911.46	6135.97
3912.6	6136.71
3913.75	6138.19
3914.89	6137.5
3916.04	6136.72
3917.19	6133.25
3918.33	6135.3
3919.48	6139.07
3920.62	6135.23
3921.77	6137.38
3922.91	6135.71
3924.05	6137.59
3925.2	6137.89
3926.34	6135.74
3927.49	6137.18
3928.63	6136.54
3929.77	6134.34
3930.92	6137.29
3932.06	6134.38
3933.2	6137.09
3934.35	6137.2
3935.49	6136.58
3936.63	6138.2
3937.77	6134.8
3938.91	6136.28
3940.06	6136.29
3941.2	6137.69
3942.34	6132.95
3943.48	6134.25
3944.62	6135.24
3945.76	6135.68
3946.9	6136.02
3948.04	6134.72
3949.18	6136.43
3950.32	6132.68
3951.46	6137.33
3952.6	6134.7
3953.74	6137.88
3954.88	6138.78
3956.02	6137.09
3957.16	6137.89
3958.3	6134.3
3959.44	6135.83
3960.58	6138.5
3961.71	6140.38
3962.85	6133.04
3963.99	6134.76
3965.13	6131.15
3966.26	6132.55
3967.4	6135.67
3968.54	6134.46
3969.68	6133.1
3970.81	6137.63
3971.95	6136.58
3973.09	6136.15
3974.22	6136.43
3975.36	6135.01
3976.49	6138.5
3977.63	6137.04
3978.76	6132.84
3979.9	6135.36
3981.03	6135.87
3982.17	6134.83
3983.3	6132.91
3984.44	6137.9
3985.57	6134.83
3986.71	6136.92
3987.84	6134.12
3988.97	6133.51
3990.11	6136.67
3991.24	6135.98
3992.37	6135.91
3993.51	6132.21
3994.64	6136.03
3995.77	6135.29
3996.91	6132.22
3998.04	6133.28
3999.17	6132.23
