50.6108	21617.5
52.4569	20696.5
54.3027	20228.8
56.1481	19622.6
57.991	19167.5
59.8356	18575.4
61.68	18027.6
63.5239	17491.9
65.3653	17077.5
67.2085	16587.4
69.0514	16184.9
70.8918	15717.6
72.7339	15236.2
74.5757	14857.5
76.4149	14490.6
78.256	14122.5
80.0967	13843.2
81.9348	13550
83.7748	13241.8
85.6144	13019.6
87.4515	12770.3
89.2904	12524.8
91.1289	12305.8
92.9649	12142.5
94.8027	11947.5
96.638	11746.9
98.4751	11589.8
100.312	11436.8
102.146	11345.3
103.982	11181.6
105.815	11063.7
107.651	10922.2
109.483	10815.5
111.318	10689.1
113.15	10614.5
114.984	10519.6
116.815	10431.2
118.648	10348
120.481	10279.6
122.311	10195.4
124.143	10111.1
125.973	10059.1
127.804	9990.48
129.633	9928.11
131.462	9863.94
133.292	9812.57
135.12	9769.19
136.949	9707.36
138.776	9659.75
140.605	9625.8
142.431	9589.28
144.259	9556.2
146.085	9514.93
147.91	9470.75
149.737	9435.7
151.562	9415.77
153.388	9407.05
155.212	9371.96
157.035	9360.41
158.86	9340.04
160.683	9323.86
162.508	9312.14
164.33	9302.09
166.151	9297.26
167.975	9289.63
169.796	9277.92
171.616	9286.55
173.439	9274.41
175.259	9300.2
177.078	9296.35
178.899	9302.21
180.718	9291.68
182.537	9287.67
184.355	9274.5
186.175	9252.65
187.992	9225.64
189.809	9220.14
191.628	9183.88
193.444	9173.62
195.26	9142.48
197.076	9138.84
198.893	9126.46
200.708	9113.97
202.523	9113.59
204.337	9101.36
206.151	9108.51
207.967	9112.37
209.78	9110.47
211.592	9105.12
213.405	9103.14
215.217	9106.52
217.031	9121.83
218.842	9104.12
220.653	9099.73
222.464	9118.98
224.274	9102.98
226.084	9121.93
227.894	9138.08
229.705	9156.53
231.514	9160.82
233.323	9156.13
235.131	9181.9
236.939	9185.32
238.746	9198.61
240.553	9226.63
242.36	9248.05
244.167	9274.92
245.973	9266.86
247.778	9292.61
249.584	9298.6
251.391	9293.84
253.196	9310.96
255	9289.84
256.804	9258.68
258.608	9252.6
260.411	9226.09
262.214	9193.35
264.016	9179.77
265.819	9156.09
267.621	9130.24
269.422	9103.72
271.223	9097.42
273.024	9066.08
274.825	9077.12
276.623	9060.56
278.422	9073.03
280.222	9070.84
282.021	9079.39
283.82	9083.1
285.618	9082.75
287.416	9073.47
289.214	9067.89
291.011	9074.48
292.808	9068.21
294.605	9053.15
296.401	9048.2
298.195	9038.06
299.99	9026.35
301.786	8991.37
303.581	8984.78
305.375	8979.14
307.169	8978.93
308.961	8969.99
310.755	8974.62
312.548	8971.02
314.341	8986.66
316.133	8971.76
317.925	8988.99
319.715	9005.35
321.506	9014.49
323.297	9021.92
325.088	9017.89
326.876	9014.55
328.666	9024.19
330.456	9044.37
332.245	9031.75
334.032	9043.38
335.821	9050.53
337.609	9075.5
339.397	9096.07
341.183	9118.6
342.97	9128.03
344.757	9153.13
346.541	9168.21
348.327	9190.39
350.113	9194.46
351.897	9209.18
353.682	9232.65
355.467	9258.2
357.249	9293.61
359.033	9337.97
360.817	9395.9
362.599	9447.36
364.382	9526.88
366.164	9582.96
367.945	9626.77
369.727	9647.38
371.507	9656.54
373.288	9646.17
375.067	9613.98
376.848	9557.22
378.628	9493.05
380.406	9421.77
382.186	9331.32
383.963	9255.95
385.742	9183.26
387.518	9142.98
389.297	9084.32
391.072	9037.99
392.85	9002.33
394.625	8950.63
396.402	8921.72
398.177	8886.21
399.953	8852.45
401.727	8831.64
403.502	8816.27
405.275	8787.42
407.05	8783.48
408.823	8770.03
410.597	8763.89
412.369	8740.96
414.142	8734.14
415.913	8728.33
417.684	8719.4
419.456	8717.54
421.227	8700.27
422.998	8699.1
424.768	8700.13
426.537	8692.83
428.308	8688.92
430.076	8693.32
431.844	8688.08
433.614	8684.48
435.381	8690.47
437.15	8694.85
438.917	8705.23
440.683	8714.32
442.451	8716.07
444.217	8737.21
445.982	8725.61
447.747	8739.41
449.514	8743.17
451.278	8740.47
453.042	8748.02
454.807	8746.97
456.571	8749.95
458.334	8753.76
460.096	8771.54
461.861	8776.69
463.622	8775.82
465.384	8770.14
467.145	8789.44
468.906	8784.76
470.669	8780.71
472.429	8777.64
474.189	8763.73
475.948	8756.05
477.708	8747.88
479.468	8740.44
481.227	8739.58
482.985	8724.73
484.743	8721.35
486.501	8715.32
488.258	8714.4
490.017	8713.16
491.773	8716.39
493.529	8706.72
495.285	8705.6
497.041	8695.36
498.796	8687.29
500.55	8690.45
502.305	8686.33
504.059	8674.15
505.813	8677.02
507.566	8683.44
509.322	8687.51
511.074	8691.14
512.827	8694.92
514.579	8686.86
516.331	8685.56
518.082	8688.96
519.833	8680.01
521.584	8680
523.334	8679.53
525.085	8673.34
526.834	8664.74
528.584	8668.9
530.333	8666.04
532.082	8663.45
533.83	8647.43
535.578	8649.35
537.324	8640.54
539.071	8637.24
540.818	8634.73
542.565	8622.52
544.312	8632.04
546.058	8619.66
547.804	8614.59
549.549	8612.61
551.294	8612.95
553.039	8610.82
554.783	8616.19
556.525	8627.57
558.269	8621.72
560.012	8621.47
561.756	8628.33
563.498	8632.4
565.241	8649.28
566.981	8656.91
568.723	8671.06
570.464	8683.66
572.205	8705
573.946	8714.9
575.684	8749
577.424	8768.96
579.164	8797.02
580.904	8815.19
582.643	8837.31
584.379	8848.97
586.118	8867.06
587.856	8880.77
589.592	8902.52
591.329	8915.1
593.066	8939.47
594.803	8956.93
596.537	8983.03
598.273	9012.03
600.009	9036.65
601.743	9055.19
603.478	9070.32
605.213	9080.11
606.945	9061.29
608.679	9033.92
610.413	9006.82
612.144	8957.37
613.878	8915.63
615.61	8881.02
617.341	8856.06
619.073	8824.92
620.803	8818.4
622.534	8803.08
624.265	8796.55
625.994	8800.09
627.725	8801.23
629.453	8807.37
631.183	8815.9
632.91	8834.59
634.639	8829.98
636.366	8831.84
638.095	8843.7
639.823	8851.56
641.549	8862.38
643.276	8858.76
645.002	8875.07
646.728	8876.21
648.453	8857.85
650.179	8839.18
651.903	8833.95
653.627	8829.38
655.352	8811.68
657.075	8803.08
658.799	8796.78
660.522	8789.33
662.246	8788.79
663.967	8765.8
665.688	8759.52
667.411	8745.56
669.132	8749.24
670.854	8739.66
672.574	8727.71
674.294	8714.66
676.015	8703.96
677.734	8690.11
679.455	8688.77
681.173	8690.55
682.891	8687.93
684.611	8675.95
686.328	8672.23
688.045	8674.63
689.764	8677.72
691.48	8670.37
693.196	8672
694.912	8678.62
696.629	8669.18
698.344	8675.55
700.059	8676.89
701.774	8678.74
703.49	8673.31
705.203	8680.75
706.917	8677.2
708.63	8659.96
710.345	8649.06
712.057	8659.39
713.77	8647.9
715.481	8639.9
717.193	8637.04
718.906	8630.52
720.617	8629.09
722.327	8631.79
724.038	8618.01
725.747	8618.81
727.457	8613.08
729.168	8621.79
730.877	8629.37
732.586	8624.66
734.294	8629.76
736.002	8629
737.71	8629.5
739.417	8632.84
741.124	8638.16
742.83	8633.85
744.539	8649.89
746.245	8643.91
747.951	8663.22
749.656	8668.29
751.361	8676.29
753.066	8672.45
754.77	8670.11
756.474	8670.93
758.178	8672.85
759.881	8674.95
761.584	8668.48
763.287	8672.84
764.99	8679.35
766.692	8685.08
768.393	8700.71
770.095	8707.29
771.796	8722.35
773.497	8750.38
775.198	8752.29
776.898	8787.77
778.598	8816.86
780.295	8835.85
781.995	8851.07
783.693	8874
785.392	8879.26
787.09	8884.31
788.788	8889.72
790.486	8887.3
792.183	8879.2
793.88	8870.4
795.575	8872.25
797.271	8850.13
798.967	8852.77
800.663	8841.09
802.359	8837.64
804.054	8809.96
805.746	8808.19
807.441	8799.54
809.135	8784.25
810.829	8778.63
812.522	8773.54
814.214	8780.45
815.906	8776.44
817.599	8777.37
819.291	8786
820.981	8812.44
822.673	8842.07
824.364	8866.52
826.053	8913.82
827.744	8955
829.434	8990.07
831.124	8997.75
832.812	9006.14
834.501	9020.36
836.19	9046.2
837.877	9080.19
839.565	9149.43
841.253	9227.2
842.939	9327.4
844.627	9488.29
846.312	9646.3
847.998	9849.05
849.685	10092.3
851.369	10316.6
853.055	10522.6
854.739	10689.9
856.424	10732.8
858.109	10686.9
859.791	10553.2
861.476	10399.5
863.158	10201.2
864.841	10052.4
866.523	9873.42
868.206	9749.09
869.887	9599.89
871.569	9505.28
873.249	9415.66
874.931	9369.74
876.61	9379.27
878.291	9425.71
879.97	9486.21
881.651	9538.17
883.329	9547.38
885.009	9489.25
886.686	9394.83
888.366	9275.26
890.043	9153.21
891.721	9059.07
893.398	8969.4
895.074	8903.94
896.751	8865.57
898.427	8827.26
900.104	8799.78
901.779	8802.74
903.453	8805.18
905.129	8832.64
906.803	8867.45
908.476	8931.01
910.152	8995.03
911.825	9090.67
913.497	9166.16
915.171	9227.72
916.843	9285.83
918.515	9286.82
920.188	9294.96
921.859	9223.9
923.53	9160.53
925.2	9074.61
926.872	9024.29
928.542	8973.53
930.211	8927.58
931.881	8900.51
933.551	8883.89
935.22	8869.07
936.888	8856.42
938.556	8838.36
940.224	8820.94
941.893	8798.47
943.56	8768.05
945.226	8735.79
946.893	8712.75
948.559	8699.03
950.224	8676.07
951.892	8670.6
953.557	8663.1
955.222	8672.48
956.886	8668.89
958.55	8664.29
960.214	8671.89
961.878	8673.74
963.541	8667.1
965.206	8659.96
966.868	8658.77
968.531	8660.16
970.193	8641.4
971.854	8635.39
973.516	8634.26
975.177	8642.32
976.838	8635.76
978.498	8643.77
980.158	8646.04
981.818	8651.92
983.477	8664.78
985.137	8676.83
986.796	8701.47
988.454	8716.98
990.112	8747.49
991.77	8762.53
993.428	8792.01
995.085	8823.31
996.742	8858.74
998.399	8873.12
1000.05	8900.33
1001.71	8925.44
1003.37	8936.78
1005.02	8964.61
1006.68	8952.85
1008.33	8953.51
1009.99	8957.22
1011.64	8957.74
1013.29	8986.45
1014.95	9009.28
1016.6	9037.34
1018.25	9086.59
1019.9	9127.91
1021.56	9218.05
1023.21	9304.45
1024.86	9361.78
1026.51	9415.88
1028.16	9454.88
1029.81	9448.42
1031.46	9419.94
1033.11	9380.29
1034.76	9309.38
1036.41	9260.01
1038.06	9183.11
1039.71	9152.53
1041.36	9133.83
1043.01	9133.29
1044.65	9142.04
1046.3	9169.5
1047.95	9184.98
1049.59	9203.63
1051.24	9202.05
1052.89	9199.31
1054.53	9209.63
1056.18	9209.21
1057.82	9256.52
1059.46	9287.47
1061.11	9319.33
1062.75	9348.38
1064.4	9360.34
1066.04	9331.59
1067.68	9316.55
1069.33	9284.56
1070.97	9294.14
1072.61	9279.7
1074.25	9306.86
1075.89	9313.71
1077.54	9333.67
1079.18	9340.28
1080.82	9346.17
1082.46	9354.64
1084.1	9375.85
1085.74	9369.38
1087.38	9390.43
1089.01	9450.18
1090.65	9523.72
1092.29	9621.23
1093.93	9757.03
1095.57	9799.82
1097.21	9762.29
1098.84	9692.31
1100.48	9576.87
1102.11	9492.65
1103.75	9436.87
1105.39	9456.46
1107.02	9543.23
1108.66	9693.3
1110.29	9884.83
1111.93	10073.3
1113.56	10187.8
1115.19	10129.3
1116.83	9937.22
1118.46	9647.57
1120.09	9376.51
1121.73	9168.55
1123.36	9035.62
1124.99	8916.07
1126.62	8866.12
1128.25	8829.91
1129.88	8804.39
1131.52	8791.77
1133.15	8787.15
1134.78	8785.76
1136.41	8786.76
1138.04	8766.81
1139.66	8780.81
1141.29	8772.08
1142.92	8768.03
1144.55	8754.57
1146.18	8750.21
1147.81	8750.41
1149.43	8737.63
1151.06	8736.74
1152.69	8738.01
1154.31	8738.4
1155.94	8747.04
1157.56	8755.82
1159.19	8753.23
1160.81	8741.42
1162.44	8743.36
1164.06	8744.48
1165.69	8744.98
1167.31	8745.71
1168.93	8733.34
1170.56	8733.7
1172.18	8722.33
1173.8	8710.33
1175.42	8715.77
1177.05	8709.62
1178.67	8699.21
1180.29	8694.26
1181.91	8700.72
1183.53	8709.38
1185.15	8700.24
1186.77	8700.91
1188.39	8706.68
1190.01	8706.93
1191.63	8699.01
1193.25	8706.42
1194.87	8712.09
1196.48	8701.96
1198.1	8713.38
1199.72	8697.59
1201.34	8713.71
1202.95	8714.49
1204.57	8718.12
1206.19	8714.47
1207.8	8722.59
1209.42	8728.35
1211.03	8733.75
1212.65	8731.51
1214.26	8736.55
1215.88	8727.81
1217.49	8726.23
1219.1	8722.67
1220.72	8710.72
1222.33	8716.76
1223.95	8703.81
1225.56	8696.63
1227.17	8696.17
1228.78	8685
1230.39	8685.02
1232	8687.04
1233.61	8697.37
1235.22	8706.17
1236.84	8705.32
1238.45	8716.67
1240.05	8717.83
1241.66	8725.45
1243.27	8726.47
1244.88	8725.51
1246.49	8731.16
1248.1	8734.57
1249.71	8736.87
1251.31	8744.01
1252.92	8760.54
1254.53	8783.08
1256.13	8804.14
1257.74	8842.51
1259.35	8873
1260.95	8922.96
1262.56	8982.87
1264.16	9038.06
1265.77	9087.8
1267.37	9125.49
1268.98	9131.87
1270.58	9134.12
1272.18	9117.61
1273.79	9084.05
1275.39	9043.26
1276.99	9005.82
1278.59	8990.7
1280.2	8967.97
1281.8	8971.62
1283.4	8963.78
1285	8993.2
1286.6	9009.33
1288.2	9050.32
1289.8	9084.94
1291.4	9135.33
1293	9195.79
1294.6	9269.67
1296.2	9339.63
1297.8	9435.56
1299.4	9485.46
1300.99	9522.33
1302.59	9540.2
1304.19	9512.28
1305.79	9451.68
1307.38	9342.96
1308.98	9238.01
1310.57	9146.03
1312.17	9034.67
1313.77	8967.84
1315.36	8907.44
1316.96	8876.09
1318.55	8836.85
1320.14	8808.64
1321.74	8791.78
1323.33	8773.89
1324.93	8772.14
1326.52	8764.06
1328.11	8761.5
1329.7	8754.96
1331.3	8769.69
1332.89	8765
1334.48	8766.64
1336.07	8762.84
1337.66	8765.25
1339.25	8755.04
1340.84	8751.62
1342.43	8742.25
1344.02	8741.85
1345.61	8736.23
1347.2	8738.31
1348.79	8745.49
1350.38	8745.43
1351.97	8745.8
1353.55	8733.86
1355.14	8725.72
1356.73	8720.76
1358.31	8712.88
1359.9	8707.52
1361.49	8702.6
1363.07	8714.35
1364.66	8722.01
1366.25	8721.92
1367.83	8737.45
1369.41	8750.05
1371	8758.66
1372.58	8762.55
1374.17	8759.59
1375.75	8756.73
1377.33	8755.03
1378.92	8754.44
1380.5	8750.07
1382.08	8765.5
1383.66	8768.85
1385.25	8795.99
1386.83	8835.09
1388.41	8849.46
1389.99	8879.54
1391.57	8893.03
1393.15	8917.08
1394.73	8906.24
1396.31	8898.7
1397.89	8896.45
1399.47	8877.16
1401.05	8879.49
1402.62	8870.01
1404.2	8882.65
1405.78	8890.08
1407.36	8949.22
1408.94	8990.06
1410.51	9032.02
1412.09	9130.36
1413.66	9240.25
1415.24	9340.63
1416.82	9432.44
1418.39	9519.52
1419.97	9580.86
1421.54	9623.87
1423.12	9607.97
1424.69	9603.93
1426.27	9581.59
1427.84	9586.75
1429.41	9583.35
1430.99	9629.97
1432.56	9658.69
1434.13	9712.35
1435.7	9810.4
1437.27	9915.12
1438.85	10093.4
1440.42	10259.5
1441.99	10438.9
1443.56	10610.8
1445.13	10773.9
1446.7	10878.4
1448.27	10929.2
1449.84	10969
1451.41	10974.1
1452.97	10986.6
1454.54	10953.9
1456.11	10872.9
1457.68	10656.9
1459.25	10424.5
1460.81	10184
1462.38	9934.62
1463.95	9733.07
1465.52	9548.66
1467.08	9415.06
1468.65	9301.79
1470.21	9217.8
1471.78	9158.61
1473.34	9120.21
1474.91	9102.67
1476.47	9106.26
1478.04	9114.33
1479.6	9099.77
1481.16	9074.97
1482.73	9019.87
1484.29	8959.86
1485.85	8895.94
1487.41	8850.52
1488.98	8811.39
1490.54	8788.97
1492.1	8752.99
1493.66	8732.42
1495.22	8716.7
1496.78	8700.24
1498.34	8687.63
1499.9	8676.98
1501.46	8666.28
1503.02	8655.46
1504.58	8652.65
1506.14	8644.91
1507.7	8638.08
1509.25	8631.12
1510.81	8638.47
1512.37	8630.7
1513.93	8617.27
1515.48	8612.76
1517.04	8610.98
1518.6	8609.71
1520.15	8604.25
1521.71	8598.46
1523.26	8603.89
1524.82	8598.79
1526.37	8605.71
1527.93	8597.9
1529.48	8599.76
1531.03	8590.07
1532.59	8600.51
1534.14	8609.21
1535.7	8608.69
1537.25	8611.98
1538.8	8615.71
1540.35	8619.18
1541.9	8617.74
1543.46	8617.34
1545.01	8611.13
1546.56	8604.24
1548.11	8597.94
1549.66	8596.51
1551.21	8590.19
1552.76	8595.62
1554.31	8587.88
1555.86	8588.05
1557.41	8575.52
1558.96	8577.89
1560.5	8583.64
1562.05	8591.77
1563.6	8588.76
1565.15	8595.64
1566.69	8596.81
1568.24	8593.62
1569.79	8606.8
1571.33	8602.33
1572.88	8597.88
1574.43	8595.19
1575.97	8603.91
1577.52	8594.87
1579.06	8593.69
1580.61	8581.97
1582.15	8582.49
1583.69	8567.99
1585.24	8565.17
1586.78	8559.86
1588.32	8562.1
1589.87	8552.69
1591.41	8560.91
1592.95	8555.01
1594.49	8553.33
1596.03	8570.54
1597.58	8567.16
1599.12	8570.47
1600.66	8589.18
1602.2	8594.72
1603.74	8607.75
1605.28	8615.76
1606.82	8636.84
1608.36	8648.97
1609.89	8658.94
1611.43	8656.76
1612.97	8663.74
1614.51	8642.32
1616.05	8630.56
1617.59	8615.92
1619.12	8601.68
1620.66	8586.29
1622.2	8591.38
1623.73	8584.65
1625.27	8569.23
1626.8	8571.36
1628.34	8564.3
1629.87	8557.62
1631.41	8568.79
1632.94	8554.82
1634.48	8555.91
1636.01	8549.74
1637.55	8549.98
1639.08	8553.19
1640.61	8542.06
1642.15	8540.97
1643.68	8535.94
1645.21	8530.33
1646.74	8527.71
1648.27	8518.94
1649.81	8528.56
1651.34	8518.53
1652.87	8525.88
1654.4	8520.7
1655.93	8522.73
1657.46	8517.35
1658.99	8524.04
1660.52	8527.48
1662.05	8525.36
1663.58	8520.24
1665.1	8516.48
1666.63	8516.83
1668.16	8523.78
1669.69	8514.88
1671.22	8521.78
1672.74	8524.46
1674.27	8529.15
1675.8	8524.47
1677.32	8526.91
1678.85	8535.17
1680.37	8533.29
1681.9	8535.33
1683.42	8538.33
1684.95	8550.54
1686.47	8553.61
1688	8559.92
1689.52	8565.25
1691.04	8562.69
1692.57	8564.24
1694.09	8561.46
1695.61	8566.42
1697.14	8572.69
1698.66	8568.76
1700.18	8568.2
1701.7	8580.37
1703.22	8588.4
1704.74	8599.84
1706.26	8612.92
1707.78	8627.56
1709.3	8654.41
1710.82	8691.05
1712.35	8731.72
1713.86	8790.28
1715.38	8873.49
1716.9	8986.73
1718.42	9123.39
1719.94	9307.83
1721.46	9511.48
1722.97	9717.03
1724.49	9892.92
1726.01	10007.6
1727.52	10054.5
1729.04	10050.1
1730.56	9989.35
1732.07	9915.3
1733.59	9831.3
1735.1	9734.5
1736.62	9614.79
1738.13	9510.73
1739.65	9394.19
1741.16	9274.13
1742.68	9156.42
1744.19	9035.04
1745.7	8925.33
1747.22	8841.52
1748.73	8768.26
1750.24	8716.55
1751.75	8684.8
1753.27	8656.13
1754.78	8639.41
1756.29	8635.49
1757.8	8624.21
1759.22	8612.08
1760.73	8611.83
1762.25	8602.48
1763.77	8591.84
1765.28	8599
1766.8	8592.84
1768.32	8590.43
1769.83	8579.99
1771.35	8579.16
1772.86	8581.07
1774.38	8578.53
1775.9	8573.36
1777.41	8571.99
1778.92	8574.43
1780.44	8566.5
1781.95	8567.34
1783.46	8566.87
1784.98	8569.63
1786.49	8560.14
1788	8558.37
1789.52	8558.24
1791.03	8557.59
1792.54	8558.08
1794.05	8557.52
1795.56	8553.63
1797.07	8559.44
1798.58	8556.05
1800.1	8549.37
1801.6	8549.37
1803.11	8551.41
1804.62	8553.24
1806.13	8551.64
1807.64	8548.1
1809.15	8549.87
1810.66	8546.84
1812.17	8548.94
1813.68	8552.02
1815.18	8546.01
1816.69	8548.67
1818.2	8549.28
1819.7	8544.66
1821.21	8546.71
1822.72	8548.42
1824.22	8543.37
1825.73	8549.08
1827.23	8545.32
1828.74	8546.86
1830.24	8546.63
1831.75	8542.55
1833.25	8537.99
1834.76	8539.86
1836.26	8536.89
1837.76	8546.76
1839.27	8536.54
1840.77	8542.29
1842.27	8541.72
1843.77	8534.5
1845.28	8539.75
1846.78	8545.05
1848.28	8534.35
1849.78	8537.37
1851.28	8538.85
1852.78	8539.2
1854.28	8534.82
1855.78	8541.3
1857.28	8538.13
1858.78	8539.34
1860.28	8536.33
1861.78	8536.34
1863.28	8537.97
1864.78	8538.78
1866.27	8537.02
1867.77	8540.37
1869.27	8536.2
1870.77	8542.13
1872.26	8543.27
1873.76	8541.69
1875.26	8542.53
1876.75	8539.67
1878.25	8537.8
1879.75	8533.23
1881.24	8539.76
1882.74	8535.85
1884.23	8539.09
1885.72	8537.61
1887.22	8537.58
1888.71	8530.83
1890.21	8535.79
1891.7	8538.46
1893.19	8533.88
1894.69	8535.45
1896.18	8533.53
1897.67	8531.06
1899.16	8531.17
1900.66	8526.02
1902.15	8530.07
1903.64	8535.7
1905.13	8537.18
1906.62	8529.69
1908.11	8532.33
1909.6	8528.69
1911.09	8524.82
1912.58	8531.42
1914.07	8530
1915.56	8533.88
1917.05	8529.46
1918.54	8527.74
1920.02	8534.05
1921.51	8530.76
1923	8526.68
1924.49	8522.09
1925.97	8530.11
1927.46	8526.74
1928.95	8520.49
1930.43	8531.37
1931.92	8529.62
1933.4	8531.66
1934.89	8527.91
1936.38	8527.02
1937.86	8526.61
1939.34	8524.14
1940.83	8526.38
1942.31	8529.31
1943.8	8525.29
1945.28	8525.14
1946.76	8522.9
1948.25	8527.17
1949.73	8534.22
1951.21	8528.96
1952.69	8528.1
1954.17	8527.16
1955.66	8529.11
1957.14	8528.8
1958.62	8529.68
1960.1	8528.13
1961.58	8528.39
1963.06	8524.55
1964.54	8523.04
1966.02	8524.51
1967.5	8521.99
1968.98	8528.55
1970.46	8530.3
1971.94	8533.57
1973.41	8518.89
1974.89	8522.93
1976.37	8526.73
1977.85	8525.04
1979.33	8525.54
1980.8	8521.85
1982.28	8525.58
1983.76	8529.58
1985.23	8522.31
1986.71	8527.99
1988.18	8525.63
1989.66	8513.61
1991.13	8529.96
1992.61	8527.72
1994.08	8525.08
1995.56	8523.53
1997.03	8524.85
1998.5	8524.66
1999.98	8529.08
2001.45	8522.88
2002.93	8520.64
2004.4	8525.85
2005.87	8528.65
2007.34	8520.72
2008.81	8528.11
2010.28	8523.78
2011.76	8525
2013.23	8525.37
2014.7	8528.04
2016.17	8521.3
2017.64	8527.7
2019.11	8524.12
2020.58	8529.5
2022.05	8523.48
2023.52	8529.88
2024.99	8530.96
2026.45	8525.92
2027.92	8528.85
2029.39	8523.34
2030.86	8521.09
2032.33	8530.21
2033.79	8527.55
2035.26	8528.5
2036.73	8526.44
2038.19	8527.71
2039.66	8528.87
2041.13	8533.65
2042.59	8533.1
2044.06	8534.29
2045.52	8534.76
2046.99	8529.43
2048.45	8534.58
2049.91	8533.65
2051.38	8531.49
2052.84	8527.78
2054.31	8536.88
2055.77	8533.52
2057.23	8529.06
2058.69	8533.12
2060.16	8536.27
2061.62	8533.17
2063.08	8529.84
2064.54	8532.79
2066	8529.72
2067.46	8525.48
2068.93	8527.27
2070.39	8524.31
2071.85	8527.61
2073.31	8527.72
2074.77	8524.59
2076.23	8533.06
2077.69	8527.36
2079.14	8527.57
2080.6	8530.71
2082.06	8525.86
2083.52	8528.56
2084.98	8531.53
2086.43	8533.1
2087.89	8526.63
2089.35	8530.44
2090.81	8526.62
2092.26	8524.31
2093.72	8527.3
2095.17	8522.01
2096.63	8523.78
2098.09	8525.39
2099.54	8524.29
2100.99	8521.7
2102.45	8528.81
2103.9	8522.8
2105.36	8526.34
2106.81	8529.64
2108.27	8529.83
2109.72	8523.35
2111.17	8528.89
2112.62	8527.78
2114.08	8522.07
2115.53	8522.91
2116.98	8531.09
2118.43	8522.29
2119.89	8523.71
2121.34	8528
2122.79	8519.81
2124.24	8519.71
2125.69	8524.49
2127.14	8528.83
2128.59	8522.08
2130.04	8523.03
2131.49	8524.46
2132.94	8520.79
2134.38	8528.41
2135.83	8526.41
2137.28	8523.57
2138.73	8520.8
2140.18	8526.16
2141.63	8526.65
2143.07	8523.58
2144.52	8525.56
2145.97	8527.81
2147.41	8524.85
2148.86	8521.5
2150.3	8531.52
2151.75	8526.63
2153.19	8524.56
2154.64	8527.61
2156.08	8527.44
2157.53	8532.89
2158.97	8524.29
2160.42	8526.91
2161.86	8527.92
2163.3	8528.89
2164.75	8531.04
2166.19	8528.22
2167.63	8525.1
2169.08	8530.44
2170.52	8532.49
2171.96	8525.22
2173.4	8529.97
2174.84	8530.46
2176.29	8528.75
2177.73	8526.29
2179.17	8520
2180.61	8529.88
2182.05	8531.61
2183.49	8529.67
2184.93	8528.15
2186.37	8531.28
2187.81	8526.51
2189.24	8533.22
2190.68	8528.89
2192.12	8529.15
2193.56	8524.43
2195	8528.13
2196.43	8528.21
2197.87	8524.93
2199.31	8527.28
2200.74	8532.94
2202.18	8529.8
2203.62	8531.7
2205.05	8530.69
2206.49	8528.44
2207.92	8535.74
2209.36	8528.22
2210.79	8526.83
2212.23	8528.76
2213.66	8529.41
2215.1	8532.29
2216.53	8528.32
2217.96	8530.83
2219.4	8532.81
2220.83	8530.91
2222.26	8534.06
2223.7	8529.83
2225.13	8528.31
2226.56	8532.76
2227.99	8526.4
2229.42	8526.36
2230.86	8526.86
2232.28	8527.4
2233.72	8536.77
2235.15	8529.62
2236.58	8525.21
2238.01	8523.38
2239.44	8528.66
2240.87	8530.78
2242.3	8519.89
2243.72	8529.86
2245.15	8530.92
2246.58	8527.88
2248.01	8529.54
2249.44	8526.95
2250.86	8536.03
2252.29	8540.82
2253.72	8535.46
2255.15	8531.22
2256.57	8538.42
2258	8538.01
2259.43	8527.88
2260.85	8528.83
2262.28	8531.71
2263.7	8533.95
2265.13	8539.39
2266.55	8530.9
2267.97	8526.6
2269.4	8530.86
2270.82	8529.77
2272.25	8527.26
2273.67	8537.9
2275.09	8530.39
2276.52	8538.7
2277.94	8535.62
2279.36	8538.55
2280.78	8533.9
2282.21	8534.49
2283.63	8538.57
2285.05	8537.64
2286.47	8540.44
2287.89	8535.39
2289.31	8535.1
2290.73	8537.11
2292.15	8539.99
2293.57	8533.92
2294.99	8536.39
2296.41	8537.87
2297.83	8534.48
2299.25	8527.77
2300.67	8535.42
2302.08	8536.58
2303.5	8528.25
2304.92	8521.18
2306.34	8530.58
2307.76	8523.01
2309.17	8527.45
2310.59	8528.46
2312.01	8527.21
2313.42	8535.71
2314.84	8521.04
2316.25	8530.21
2317.67	8533.75
2319.08	8527.01
2320.5	8528.99
2321.92	8542.36
2323.33	8538.22
2324.74	8529.04
2326.16	8538.99
2327.57	8538.69
2328.98	8541.74
2330.4	8526.33
2331.81	8537.74
2333.22	8535.92
2334.63	8531.89
2336.05	8517
2337.46	8532.62
2338.87	8521.86
2340.28	8528.35
2341.69	8527.54
2343.1	8527.54
2344.51	8530.42
2345.92	8532.85
2347.33	8526.62
2348.74	8522.9
2350.15	8525.88
2351.56	8526.58
2352.97	8522.39
2354.38	8523.92
2355.79	8531.66
2357.2	8524.57
2358.61	8530.62
2360.01	8526.36
2361.42	8523.35
2362.83	8520.49
2364.24	8526.94
2365.64	8522.14
2367.05	8522.12
2368.46	8523.22
2369.86	8528.08
2371.27	8526.92
2372.67	8520.6
2374.08	8527.27
2375.48	8529.92
2376.89	8525.79
2378.29	8527.43
2379.7	8519.19
2381.1	8522.08
2382.5	8531.17
2383.91	8527.41
2385.31	8525.22
2386.72	8527.63
2388.12	8522.51
2389.52	8529.46
2390.92	8530.95
2392.32	8525.97
2393.73	8530.32
2395.13	8533.97
2396.53	8522.75
2397.93	8525.32
2399.33	8532.57
2400.73	8528.79
2402.13	8526.2
2403.53	8525.36
2404.93	8531.07
2406.33	8530.21
2407.73	8526.95
2409.13	8530.54
2410.53	8526.39
2411.93	8533.33
2413.32	8530.39
2414.72	8529.39
2416.12	8526.86
2417.52	8533.98
2418.91	8531.88
2420.31	8531.04
2421.71	8531.17
2423.1	8536.81
2424.5	8529.89
2425.9	8534.45
2427.29	8532.61
2428.69	8532.69
2430.08	8542.63
2431.48	8539.51
2432.87	8528.94
2434.27	8537.55
2435.66	8533.56
2437.05	8533.83
2438.45	8537.18
2439.84	8525.79
2441.23	8531.53
2442.63	8537.63
2444.02	8533.83
2445.41	8527.82
2446.8	8532.6
2448.2	8528.14
2449.59	8530.53
2450.98	8538.37
2452.37	8531.8
2453.76	8538.37
2455.15	8536.41
2456.54	8536.4
2457.93	8540.3
2459.32	8539.83
2460.71	8546.12
2462.1	8545.71
2463.49	8540.01
2464.88	8544.54
2466.27	8545.53
2467.66	8541.26
2469.04	8545.66
2470.43	8542.9
2471.82	8545.02
2473.21	8537.34
2474.59	8544.93
2475.98	8544.42
2477.37	8544.79
2478.76	8547.59
2480.14	8549.53
2481.53	8548.18
2482.91	8545.48
2484.3	8550.65
2485.68	8547.46
2487.07	8544.71
2488.45	8544.21
2489.84	8543.38
2491.22	8551.15
2492.61	8552.83
2493.99	8549.98
2495.37	8549.44
2496.76	8548.01
2498.14	8551.48
2499.52	8553.35
2500.9	8546.19
2502.29	8554.84
2503.67	8553.46
2505.05	8551
2506.43	8556.11
2507.81	8555.39
2509.19	8551.72
2510.57	8552.02
2511.96	8551.5
2513.34	8555.71
2514.72	8555.05
2516.09	8549.38
2517.47	8554.85
2518.85	8558.71
2520.23	8558.72
2521.61	8561.47
2522.99	8562.74
2524.37	8562.13
2525.75	8570.03
2527.12	8562.69
2528.5	8565.85
2529.88	8572.22
2531.25	8568.31
2532.63	8570.03
2534.01	8569.03
2535.38	8570.92
2536.76	8568.39
2538.14	8576.19
2539.51	8568.16
2540.89	8567.58
2542.26	8571.09
2543.64	8561.96
2545.01	8563.22
2546.39	8567.92
2547.76	8574.66
2549.13	8566.16
2550.51	8563.15
2551.88	8565.06
2553.25	8567.86
2554.63	8567.58
2556	8570.22
2557.37	8569.22
2558.74	8565.71
2560.12	8559.33
2561.49	8567.12
2562.86	8572.19
2564.23	8572.16
2565.6	8572.41
2566.97	8566.99
2568.34	8567.75
2569.71	8571.33
2571.08	8564.5
2572.45	8573.15
2573.82	8568.95
2575.19	8576.42
2576.56	8569.7
2577.93	8572.04
2579.3	8570.09
2580.66	8579.14
2582.03	8576.96
2583.4	8576.16
2584.77	8589.25
2586.13	8574.18
2587.5	8586.66
2588.87	8582.39
2590.23	8582.6
2591.6	8593.14
2592.97	8590.78
2594.33	8597.09
2595.7	8599.39
2597.06	8595.8
2598.43	8610.52
2599.79	8606.53
2601.16	8606.35
2602.52	8604.85
2603.89	8613.74
2605.25	8611.7
2606.61	8615.09
2607.98	8615.65
2609.34	8612.93
2610.7	8623.72
2612.07	8618.91
2613.43	8616.38
2614.79	8611.5
2616.15	8620.95
2617.51	8613.77
2618.87	8612.78
2620.24	8606.79
2621.6	8603.24
2622.96	8602.8
2624.32	8605.68
2625.68	8595.68
2627.04	8600.71
2628.4	8594.44
2629.76	8597.93
2631.12	8589.89
2632.47	8595.09
2633.83	8583.5
2635.19	8586.03
2636.55	8584.76
2637.91	8577.76
2639.26	8582.72
2640.62	8586.55
2641.98	8583.57
2643.34	8585.25
2644.69	8591.94
2646.05	8595.34
2647.41	8598.36
2648.76	8599.77
2650.12	8592.98
2651.47	8596.04
2652.83	8596.87
2654.18	8600.02
2655.54	8599.6
2656.89	8608.11
2658.25	8604.1
2659.6	8601.94
2660.96	8605.97
2662.31	8611.93
2663.66	8614.56
2665.02	8611.51
2666.37	8612.3
2667.72	8617.01
2669.07	8616.26
2670.43	8614.5
2671.78	8623.75
2673.13	8613.57
2674.48	8623.69
2675.83	8620.73
2677.18	8631.76
2678.53	8633.82
2679.89	8634.66
2681.24	8637.24
2682.59	8646.63
2683.94	8649.76
2685.29	8656.64
2686.63	8660.84
2687.98	8670.09
2689.33	8676.66
2690.68	8676.9
2692.03	8696.14
2693.38	8699.93
2694.72	8708.71
2696.07	8709.34
2697.42	8718.64
2698.77	8717.75
2700.11	8727.82
2701.46	8732.94
2702.81	8739.85
2704.15	8741.87
2705.5	8754.19
2706.84	8755.58
2708.19	8768.37
2709.53	8784.92
2710.88	8786.2
2712.22	8799.57
2713.57	8819.04
2714.91	8833.14
2716.26	8850.44
2717.6	8860.07
2718.95	8873.93
2720.29	8890.39
2721.63	8897.15
2722.97	8909.42
2724.32	8911.65
2725.66	8918.93
2727	8926.13
2728.34	8924.27
2729.68	8909.12
2731.03	8905.29
2732.37	8896.74
2733.71	8893.54
2735.05	8881.58
2736.39	8877.59
2737.73	8863.05
2739.07	8848.97
2740.41	8852.92
2741.75	8853.11
2743.09	8846.84
2744.43	8842.75
2745.77	8847.1
2747.1	8835.59
2748.44	8837.88
2749.78	8825.26
2751.12	8822.75
2752.46	8817.13
2753.79	8823.31
2755.13	8822.32
2756.47	8813.67
2757.81	8818.67
2759.14	8820.55
2760.48	8812.78
2761.81	8817.89
2763.15	8809.96
2764.49	8821.66
2765.82	8814.86
2767.16	8822.96
2768.49	8827.19
2769.83	8830.77
2771.16	8838.09
2772.49	8845.55
2773.83	8839.39
2775.16	8841.4
2776.49	8838.71
2777.83	8835.87
2779.16	8831.04
2780.49	8824.11
2781.83	8831.37
2783.16	8814.12
2784.49	8808.89
2785.82	8810.48
2787.15	8789.22
2788.48	8780.22
2789.81	8777.6
2791.15	8772.73
2792.48	8764.05
2793.81	8756.94
2795.14	8752.24
2796.47	8726.79
2797.8	8744.07
2799.12	8737.6
2800.45	8726.41
2801.78	8734.39
2803.11	8730.06
2804.44	8726.69
2805.77	8737.14
2807.1	8737.64
2808.42	8736.09
2809.75	8747.17
2811.08	8757.46
2812.41	8760.99
2813.73	8769.59
2815.06	8775.97
2816.39	8792.28
2817.71	8810.47
2819.04	8825.12
2820.36	8836.31
2821.69	8852.43
2823.01	8864.71
2824.34	8885.67
2825.66	8897.82
2826.99	8893.53
2828.31	8910.07
2829.64	8920.88
2830.96	8929.94
2832.28	8936.48
2833.61	8953.4
2834.93	8958.12
2836.25	8980.4
2837.58	8979.97
2838.9	8990.11
2840.22	9019.6
2841.54	9030.54
2842.86	9059.5
2844.19	9083.29
2845.51	9105.17
2846.83	9151.54
2848.15	9192.16
2849.47	9247.46
2850.79	9317.73
2852.11	9390.25
2853.43	9480.27
2854.75	9578.05
2856.07	9670.87
2857.39	9790.68
2858.7	9925.53
2860.02	10056.1
2861.34	10250.6
2862.66	10449.2
2863.98	10638.8
2865.3	10895.5
2866.61	11104.7
2867.93	11348
2869.25	11577.9
2870.56	11785.2
2871.88	11930.2
2873.2	11989.1
2874.51	12036.3
2875.83	12009.4
2877.15	11944.2
2878.46	11857.4
2879.78	11742.9
2881.09	11678
2882.4	11598.4
2883.72	11574.5
2885.03	11560.9
2886.35	11586
2887.66	11647.7
2888.98	11740.4
2890.29	11856
2891.6	12010.2
2892.91	12236.3
2894.23	12437.4
2895.54	12660.4
2896.85	12880.1
2898.16	13108.1
2899.47	13337.3
2900.79	13512.4
2902.1	13696.6
2903.41	13825.5
2904.72	14009.9
2906.03	14144.5
2907.34	14325.3
2908.65	14533.6
2909.96	14710.1
2911.27	14948.9
2912.58	15126.1
2913.89	15334.9
2915.2	15575.4
2916.51	15777.3
2917.82	16040.4
2919.12	16285.7
2920.43	16519.4
2921.74	16784.1
2923.05	16997.5
2924.35	17308.2
2925.66	17566.1
2926.97	17888.8
2928.27	18125.7
2929.58	18418.7
2930.89	18587.4
2932.19	18655
2933.5	18606.5
2934.8	18485.6
2936.11	18315.6
2937.41	18083.9
2938.72	17802
2940.02	17454.2
2941.33	17124.2
2942.63	16673.3
2943.94	16251.9
2945.24	15709.2
2946.54	15280.5
2947.85	14836.9
2949.15	14442.3
2950.45	14128.8
2951.75	13878.7
2953.06	13717.8
2954.36	13599.9
2955.66	13565.3
2956.96	13527.9
2958.26	13537.7
2959.56	13541
2960.87	13526.7
2962.17	13555.4
2963.47	13585.3
2964.77	13576.8
2966.07	13601.9
2967.37	13611.1
2968.67	13624.2
2969.97	13660.3
2971.27	13651.8
2972.56	13660
2973.86	13663.4
2975.16	13638.6
2976.46	13607.6
2977.76	13514.8
2979.06	13446.5
2980.35	13293.1
2981.65	13177.6
2982.95	12973.7
2984.24	12761.5
2985.54	12521.6
2986.84	12289
2988.13	12029.8
2989.43	11782.5
2990.73	11545.2
2992.02	11305.8
2993.32	11077.1
2994.61	10861.5
2995.91	10693.7
2997.2	10522.2
2998.49	10361.5
2999.79	10216.9
3001.08	10100
3002.38	9985.18
3003.67	9896.25
3004.96	9797.86
3006.26	9709.4
3007.55	9653.37
3008.84	9586.07
3010.13	9514.98
3011.43	9459.99
3012.72	9396.36
3014.01	9346.19
3015.3	9305.11
3016.59	9247.13
3017.88	9226.99
3019.17	9187.78
3020.46	9146.41
3021.76	9125.01
3023.04	9093.48
3024.33	9057
3025.62	9034.68
3026.91	9015.75
3028.2	8990.78
3029.49	8966.87
3030.78	8956.4
3032.07	8928.59
3033.36	8924.42
3034.65	8904.93
3035.93	8890.02
3037.22	8880.02
3038.51	8864.26
3039.79	8849.59
3041.08	8837.99
3042.37	8832.98
3043.66	8826.2
3044.94	8805.77
3046.23	8793.95
3047.51	8797.2
3048.8	8781.92
3050.08	8766.67
3051.37	8776.21
3052.65	8766.3
3053.94	8757.09
3055.22	8755.98
3056.51	8740.73
3057.79	8737.43
3059.07	8735.26
3060.36	8729.92
3061.64	8721.66
3062.92	8721.44
3064.21	8707.61
3065.49	8708.21
3066.77	8706.23
3068.06	8695.41
3069.34	8694.86
3070.62	8693.22
3071.9	8686.81
3073.18	8690.43
3074.46	8674.29
3075.74	8675.46
3077.02	8684.36
3078.3	8667.08
3079.59	8667.17
3080.87	8661.04
3082.15	8655.6
3083.42	8652.74
3084.7	8643.55
3085.98	8649.49
3087.26	8642.93
3088.54	8642.56
3089.82	8633.2
3091.1	8630.73
3092.38	8629.24
3093.65	8633.89
3094.93	8623.82
3096.21	8628.31
3097.48	8612.44
3098.76	8626.33
3100.04	8619.17
3101.32	8616.88
3102.59	8606.42
3103.87	8611.27
3105.14	8607.05
3106.42	8601.99
3107.69	8593.65
3108.97	8599.47
3110.24	8594.39
3111.52	8598.29
3112.79	8594.08
3114.07	8592.63
3115.34	8590.35
3116.61	8588.54
3117.89	8596.59
3119.16	8578.16
3120.43	8587.33
3121.71	8589.63
3122.98	8580.96
3124.25	8581.46
3125.53	8578.96
3126.8	8577.09
3128.07	8574.53
3129.34	8572.18
3130.61	8571.65
3131.88	8570.77
3133.15	8571.38
3134.42	8565.06
3135.7	8568.25
3136.97	8569.52
3138.23	8562.53
3139.5	8563.03
3140.77	8566.05
3142.04	8563.44
3143.31	8560.61
3144.58	8560.84
3145.85	8563.4
3147.12	8557.98
3148.39	8554.85
3149.65	8556.71
3150.92	8557.07
3152.19	8557.99
3152.47	8558.45
3153.75	8555.61
3155.02	8555.84
3156.29	8551.02
3157.57	8554.68
3158.84	8550.46
3160.11	8550.64
3161.39	8546.5
3162.66	8551.8
3163.93	8548.18
3165.2	8548.95
3166.47	8548.99
3167.74	8560.04
3169.02	8549.23
3170.29	8546.99
3171.56	8548.17
3172.83	8550.72
3174.1	8549.59
3175.37	8551.58
3176.64	8547.7
3177.91	8541.25
3179.18	8544.08
3180.45	8542.01
3181.72	8541.02
3182.98	8538.19
3184.25	8542.3
3185.52	8545.13
3186.79	8539.53
3188.06	8539.78
3189.32	8538.5
3190.59	8544.87
3191.86	8543.87
3193.13	8530.87
3194.39	8537.71
3195.66	8542.98
3196.93	8533.54
3198.19	8537.37
3199.46	8533.59
3200.72	8534.42
3201.99	8533.83
3203.25	8537.03
3204.52	8531.39
3205.79	8528.83
3207.05	8526.81
3208.31	8529.77
3209.58	8530.86
3210.84	8524.87
3212.11	8528.23
3213.37	8523.02
3214.63	8524.36
3215.9	8526.81
3217.16	8529.27
3218.42	8524.25
3219.68	8524.98
3220.95	8525.84
3222.21	8518.35
3223.47	8519.52
3224.73	8524.82
3225.99	8519.09
3227.25	8516.89
3228.51	8519.71
3229.78	8517.3
3231.04	8524.06
3232.3	8518.33
3233.56	8515.75
3234.82	8515.31
3236.08	8520.79
3237.34	8518.83
3238.6	8519.42
3239.85	8521.73
3241.11	8515.22
3242.37	8514.41
3243.63	8513.85
3244.89	8515.46
3246.15	8513.65
3247.4	8512.71
3248.66	8511.2
3249.92	8512.31
3251.18	8515.52
3252.43	8515.33
3253.69	8510.65
3254.95	8512.4
3256.2	8506.49
3257.46	8509.83
3258.71	8516.69
3259.97	8505.6
3261.23	8503.84
3262.48	8501.25
3263.74	8504.3
3264.99	8505.05
3266.25	8503.35
3267.5	8498.8
3268.75	8502.88
3270.01	8501.37
3271.26	8503.86
3272.51	8494.94
3273.77	8499.62
3275.02	8497.46
3276.27	8494.44
3277.53	8495.83
3278.78	8489.96
3280.03	8493.71
3281.28	8493.8
3282.53	8490.27
3283.79	8492.05
3285.04	8489.88
3286.29	8491.25
3287.54	8490.74
3288.79	8489.63
3290.04	8492.74
3291.29	8489.72
3292.54	8489.74
3293.79	8485.32
3295.04	8486.51
3296.29	8486.01
3297.54	8482.97
3298.79	8490.05
3300.04	8483.59
3301.29	8481.9
3302.53	8487.39
3303.78	8485.3
3305.03	8484.52
3306.28	8482.61
3307.52	8483.97
3308.77	8479.02
3310.02	8488.06
3311.27	8482.23
3312.51	8481.12
3313.76	8481.38
3315.01	8476.76
3316.25	8481.88
3317.5	8483.47
3318.74	8482.24
3319.99	8480.88
3321.23	8482.6
3322.48	8485.19
3323.72	8479.23
3324.97	8479.11
3326.21	8477.68
3327.46	8481.6
3328.7	8479.49
3329.94	8476.26
3331.19	8476.72
3332.43	8477.15
3333.67	8474.62
3334.92	8476.16
3336.16	8477.28
3337.4	8473.84
3338.64	8473.94
3339.89	8480.94
3341.13	8476.61
3342.37	8478
3343.61	8473.13
3344.85	8475.02
3346.09	8473.68
3347.33	8475.06
3348.57	8474.3
3349.82	8473.21
3351.06	8476.58
3352.29	8476.94
3353.53	8473.55
3354.77	8474.23
3356.01	8474.03
3357.25	8478.05
3358.49	8472.08
3359.73	8471.33
3360.97	8479.8
3362.21	8475.03
3363.45	8471.65
3364.68	8479.14
3365.92	8469.19
3367.16	8470.55
3368.4	8467.19
3369.63	8473.54
3370.87	8467.18
3372.11	8470.87
3373.34	8471.63
3374.58	8470.49
3375.81	8471.15
3377.05	8465.35
3378.28	8474.22
3379.52	8475.16
3380.76	8464.45
3381.99	8467.87
3383.22	8468.23
3384.46	8471.03
3385.69	8471.8
3386.93	8467.86
3388.16	8475.19
3389.4	8470.64
3390.63	8470.4
3391.86	8467.73
3393.09	8463.1
3394.33	8472.41
3395.56	8470.35
3396.79	8468.11
3398.02	8474.03
3399.26	8467.44
3400.49	8468.46
3401.72	8465.7
3402.95	8470.43
3404.18	8469.21
3405.41	8465.01
3406.64	8476.13
3407.87	8467.72
3409.11	8467.28
3410.33	8467.13
3411.57	8468.34
3412.79	8467.73
3414.02	8466.04
3415.25	8463.91
3416.48	8464.52
3417.71	8464.51
3418.94	8467.66
3420.17	8467.69
3421.4	8468.43
3422.63	8466.43
3423.85	8466.57
3425.08	8471.72
3426.31	8466.29
3427.53	8464.01
3428.76	8466.19
3429.99	8468.69
3431.21	8471.84
3432.44	8466.82
3433.67	8468.72
3434.89	8468.77
3436.12	8466.05
3437.34	8466.4
3438.57	8462.7
3439.79	8465.52
3441.02	8462.15
3442.24	8468.64
3443.47	8467
3444.69	8466.86
3445.92	8465.84
3447.14	8468.46
3448.36	8468.9
3449.59	8465.79
3450.81	8469.49
3452.03	8465.36
3453.26	8460.12
3454.48	8466.58
3455.7	8465.19
3456.92	8462.03
3458.15	8464.15
3459.37	8459.72
3460.59	8459.5
3461.81	8466.6
3463.03	8464.18
3464.25	8467.12
3465.47	8467.58
3466.69	8462.25
3467.92	8461.13
3469.14	8460.57
3470.36	8463.59
3471.58	8462.63
3472.79	8459.33
3474.01	8461.91
3475.23	8462.07
3476.45	8468.92
3477.67	8466.38
3478.89	8455.51
3480.11	8461.19
3481.33	8463.49
3482.54	8459.55
3483.76	8459.88
3484.98	8458.24
3486.2	8462.14
3487.41	8464.67
3488.63	8466.95
3489.85	8466.5
3491.06	8463.78
3492.28	8465.26
3493.5	8463.71
3494.71	8463.35
3495.93	8462.36
3497.14	8458.94
3498.36	8462.12
3499.57	8462.3
3500.79	8462.54
3502	8466.49
3503.22	8463.35
3504.43	8463.9
3505.64	8466.92
3506.86	8462.64
3508.07	8463.37
3509.28	8457.45
3510.5	8465.2
3511.71	8459.16
3512.92	8467.81
3514.14	8463.93
3515.35	8466.88
3516.56	8462.64
3517.77	8472.6
3518.99	8476.5
3520.2	8472.86
3521.41	8471.48
3522.62	8471.41
3523.83	8466.51
3525.04	8467.58
3526.25	8469.88
3527.46	8474.88
3528.67	8473.15
3529.88	8471.64
3531.09	8473.69
3532.3	8472.44
3533.51	8472.23
3534.72	8475.01
3535.93	8469.7
3537.14	8480.38
3538.35	8476.7
3539.55	8473.1
3540.76	8476.39
3541.97	8473.41
3543.18	8474.34
3544.39	8475.02
3545.59	8474.71
3546.8	8480.68
3548.01	8471.14
3549.21	8475.08
3550.42	8472.93
3551.63	8476.38
3552.83	8476.88
3554.04	8471.65
3555.24	8474.95
3556.45	8473.51
3557.65	8468.07
3558.86	8470.14
3560.06	8467.3
3561.27	8469.47
3562.47	8468.55
3563.68	8469.44
3564.88	8464.38
3566.09	8468.17
3567.29	8467.12
3568.49	8465.19
3569.7	8464.4
3570.9	8460.42
3572.1	8460.95
3573.3	8460.66
3574.51	8461.33
3575.71	8461.44
3576.91	8457.22
3578.11	8460.1
3579.31	8455.44
3580.52	8456.92
3581.72	8452.68
3582.92	8458.4
3584.12	8451.99
3585.32	8456.83
3586.52	8455.94
3587.72	8457.96
3588.92	8451.38
3590.12	8455.51
3591.32	8459.29
3592.52	8454.81
3593.72	8456.04
3594.92	8450.08
3596.12	8449.95
3597.31	8454.56
3598.51	8452.93
3599.71	8452.3
3600.91	8454.35
3602.11	8455.9
3603.3	8455.16
3604.5	8452.16
3605.7	8453.67
3606.9	8455.17
3608.09	8455.05
3609.29	8449.58
3610.49	8453.51
3611.68	8453.2
3612.88	8453.86
3614.07	8448.6
3615.27	8454.64
3616.47	8455.61
3617.66	8458.89
3618.86	8451.63
3620.05	8451.23
3621.25	8451.76
3622.44	8457.7
3623.63	8450.35
3624.83	8450.93
3626.02	8451.05
3627.21	8453.66
3628.41	8446.73
3629.6	8449.49
3630.79	8451.6
3631.99	8450.61
3633.18	8451.57
3634.37	8449.46
3635.56	8450.18
3636.76	8449.3
3637.95	8449.56
3639.14	8452.37
3640.33	8453.68
3641.52	8443.83
3642.71	8450.75
3643.91	8449.53
3645.1	8451.45
3646.29	8449.8
3647.48	8451.51
3648.67	8446.71
3649.86	8448.25
3651.05	8447.79
3652.24	8454.47
3653.42	8447.18
3654.61	8450.3
3655.8	8445.68
3656.99	8449.22
3658.18	8448.57
3659.37	8449.43
3660.56	8449.08
3661.74	8448.71
3662.93	8444.99
3664.12	8446.78
3665.31	8447.31
3666.49	8446.85
3667.68	8452.16
3668.87	8442.35
3670.05	8450.35
3671.24	8445.69
3672.43	8444.48
3673.61	8446.86
3674.8	8445.72
3675.98	8443.42
3677.17	8445.85
3678.35	8447.27
3679.54	8441.38
3680.72	8445.24
3681.91	8443.73
3683.09	8446.64
3684.28	8445.03
3685.46	8446.74
3686.64	8450.49
3687.83	8449.89
3689.01	8449.48
3690.19	8451.32
3691.38	8447.98
3692.56	8445.32
3693.74	8444.12
3694.92	8445.32
3696.1	8445.81
3697.29	8448.28
3698.47	8444.68
3699.65	8444.45
3700.83	8442.89
3702.01	8447.07
3703.19	8452.01
3704.37	8440.12
3705.55	8444.16
3706.74	8445.22
3707.91	8445.87
3709.1	8441.61
3710.27	8444.53
3711.45	8442.74
3712.63	8443.27
3713.81	8441.26
3714.99	8443.71
3716.17	8449.77
3717.35	8445.85
3718.53	8446.59
3719.71	8439.52
3720.88	8444.96
3722.06	8444.33
3723.24	8441.19
3724.42	8447.17
3725.59	8444.99
3726.77	8444.93
3727.95	8443.74
3729.12	8440.86
3730.3	8438.72
3731.48	8441.32
3732.65	8439.83
3733.83	8443.65
3735	8442.34
3736.18	8448
3737.36	8444.74
3738.53	8445.97
3739.7	8440.76
3740.88	8443.04
3742.05	8438.48
3743.23	8441.22
3744.4	8441.66
3745.58	8444.37
3746.75	8441.08
3747.92	8443.64
3749.1	8443.48
3750.27	8445.61
3751.44	8442.95
3752.62	8445.41
3753.79	8446.2
3754.96	8447.06
3756.13	8441.72
3757.31	8440.78
3758.48	8448.09
3759.65	8443.18
3760.82	8447.84
3761.99	8444.62
3763.16	8440.75
3764.33	8437.75
3765.5	8444.47
3766.67	8440.72
3767.84	8441.79
3769.01	8441.57
3770.18	8446.29
3771.35	8446.58
3772.52	8445.67
3773.69	8443.91
3774.86	8439.97
3776.03	8438.82
3777.2	8440.15
3778.37	8446.17
3779.53	8443.99
3780.7	8447.96
3781.87	8449.33
3783.04	8449.74
3784.21	8442.58
3785.37	8446.48
3786.54	8448.93
3787.71	8444.52
3788.87	8445.71
3790.04	8447.62
3791.21	8447.27
3792.37	8447.98
3793.54	8449.54
3794.7	8447.26
3795.87	8449.66
3797.04	8445.15
3798.2	8448.17
3799.36	8449.19
3800.53	8447.74
3801.69	8445.77
3802.86	8445.24
3804.02	8441.38
3805.19	8446.85
3806.35	8449.1
3807.52	8444.19
3808.68	8446.15
3809.84	8446.69
3811	8442.71
3812.17	8439.48
3813.33	8441.64
3814.49	8438.94
3815.65	8444.07
3816.82	8441.79
3817.98	8443.56
3819.14	8440.75
3820.3	8441.95
3821.46	8442.52
3822.62	8445.3
3823.79	8437.66
3824.95	8443.38
3826.11	8442.29
3827.27	8439.59
3828.43	8438.57
3829.59	8440.69
3830.75	8439.7
3831.91	8443.84
3833.07	8440.35
3834.22	8440.98
3835.38	8443.53
3836.54	8440.56
3837.7	8436.34
3838.86	8439.15
3840.02	8442.04
3841.18	8440.9
3842.33	8438.26
3843.49	8438.11
3844.65	8437.26
3845.81	8433.88
3846.96	8438.72
3848.12	8440.04
3849.28	8436.02
3850.43	8434.68
3851.59	8438.53
3852.75	8438.2
3853.9	8435.92
3855.06	8435.69
3856.21	8435.67
3857.37	8434.04
3858.52	8435.37
3859.68	8436.28
3860.83	8432.44
3861.99	8437
3863.14	8438.33
3864.3	8435.98
3865.45	8432.28
3866.6	8433.59
3867.76	8434.6
3868.91	8432.19
3870.07	8435.54
3871.22	8429.21
3872.37	8436.44
3873.52	8435.84
3874.68	8434.96
3875.83	8435.57
3876.98	8430.46
3878.13	8435.16
3879.28	8433.97
3880.44	8434.93
3881.59	8434.94
3882.74	8434.19
3883.89	8430.19
3885.04	8427.68
3886.19	8428.88
3887.34	8427.97
3888.49	8428.59
3889.64	8426.97
3890.79	8431
3891.94	8425.58
3893.09	8430.42
3894.24	8433.54
3895.39	8432.38
3896.54	8425.83
3897.69	8430.44
3898.84	8432.1
3899.98	8428.19
3901.13	8429.09
3902.28	8432.21
3903.43	8429.54
3904.57	8426.81
3905.72	8426.82
3906.87	8430.75
3908.02	8430.84
3909.16	8430.05
3910.31	8424.63
3911.46	8424.5
3912.6	8430.97
3913.75	8427.13
3914.89	8429.6
3916.04	8432.24
3917.19	8425.29
3918.33	8428.17
3919.48	8429.93
3920.62	8424.68
3921.77	8427.67
3922.91	8427.1
3924.05	8426.85
3925.2	8425.74
3926.34	8421.34
3927.49	8425.05
3928.63	8427.06
3929.77	8429.59
3930.92	8425.98
3932.06	8423.77
3933.2	8428.9
3934.35	8426.39
3935.49	8425.31
3936.63	8429.06
3937.77	8426.83
3938.91	8424.36
3940.06	8429.31
3941.2	8425.61
3942.34	8423.6
3943.48	8425.39
3944.62	8427.66
3945.76	8428.14
3946.9	8422.97
3948.04	8424.34
3949.18	8428.19
3950.32	8424.92
3951.46	8421.83
3952.6	8422.37
3953.74	8423.42
3954.88	8424.85
3956.02	8427.54
3957.16	8427.96
3958.3	8424.29
3959.44	8421.78
3960.58	8423.05
3961.71	8422.02
3962.85	8423.52
3963.99	8424.22
3965.13	8423.3
3966.26	8426.08
3967.4	8424.54
3968.54	8421.64
3969.68	8421.36
3970.81	8424.39
3971.95	8426
3973.09	8424.93
3974.22	8425.55
3975.36	8426.09
3976.49	8424.44
3977.63	8423.25
3978.76	8425.25
3979.9	8425.89
3981.03	8425.77
3982.17	8426.16
3983.3	8425.69
3984.44	8426.38
3985.57	8425.57
3986.71	8420.61
3987.84	8421.9
3988.97	8420.75
3990.11	8423.6
3991.24	8425.24
3992.37	8420.84
3993.51	8424.14
3994.64	8420.92
3995.77	8422.2
3996.91	8426.9
3998.04	8427.06
3999.17	8423.4
