50.6108	4342.21
52.4569	4031.27
54.3027	4168.04
56.1481	4253.58
57.991	4406.42
59.8356	4525.83
61.68	4637.3
63.5239	4774.86
65.3653	4907.41
67.2085	5039.13
69.0514	5107.57
70.8918	5028.02
72.7339	4756.14
74.5757	4302.33
76.4149	3793.27
78.256	3253.96
80.0967	2790.14
81.9348	2488.84
83.7748	2203.75
85.6144	1991.09
87.4515	1808.36
89.2904	1683.66
91.1289	1577.6
92.9649	1481.33
94.8027	1407.08
96.638	1343.32
98.4751	1316.76
100.312	1296.56
102.146	1292.44
103.982	1264.3
105.815	1248.8
107.651	1236.09
109.483	1207.8
111.318	1188.73
113.15	1177.51
114.984	1167.24
116.815	1150.09
118.648	1137.5
120.481	1086.32
122.311	1011.72
124.143	934.542
125.973	849.416
127.804	760.087
129.633	678.003
131.462	607.597
133.292	549.738
135.12	513.506
136.949	473.361
138.776	449.305
140.605	420.232
142.431	398.509
144.259	394.023
146.085	386.634
147.91	380.473
149.737	372.246
151.562	382.484
153.388	393.545
155.212	393.51
157.035	428.62
158.86	452.467
160.683	496.914
162.508	571.068
164.33	669.879
166.151	814.072
167.975	1001.57
169.796	1216.3
171.616	1434.22
173.439	1604.2
175.259	1732.59
177.078	1873.74
178.899	2010.7
180.718	2165.47
182.537	2289.18
184.355	2305.85
186.175	2169.26
187.992	1883.48
189.809	1569.24
191.628	1230.52
193.444	978.294
195.26	786.863
197.076	639.956
198.893	540.32
200.708	460.466
202.523	406.724
204.337	362.004
206.151	329.503
207.967	293
209.78	280.726
211.592	263.87
213.405	247.369
215.217	234.944
217.031	226.278
218.842	218.914
220.653	212.077
222.464	211.628
224.274	203.023
226.084	204.227
227.894	198.927
229.705	208.095
231.514	210.89
233.323	209.962
235.131	203.061
236.939	203.27
238.746	208.685
240.553	219.027
242.36	227.027
244.167	234.431
245.973	252.927
247.778	269.519
249.584	277.262
251.391	277.078
253.196	282.249
255	279.591
256.804	274.618
258.608	281.823
260.411	302.158
262.214	331.231
264.016	352.599
265.819	385.986
267.621	426.144
269.422	458.3
271.223	498.11
273.024	548.387
274.825	631.526
276.623	755.24
278.422	928.782
280.222	1157.36
282.021	1381.77
283.82	1522.24
285.618	1512.6
287.416	1336.15
289.214	1083.46
291.011	846.085
292.808	648.685
294.605	507.483
296.401	408.274
298.195	349.926
299.99	300.541
301.786	259.341
303.581	231.304
305.375	212.788
307.169	197.78
308.961	184.609
310.755	181.894
312.548	180.989
314.341	176.699
316.133	178.254
317.925	186.082
319.715	195.117
321.506	204.402
323.297	216.325
325.088	227.992
326.876	215.066
328.666	201.312
330.456	179.193
332.245	161.927
334.032	150.977
335.821	136.966
337.609	125.702
339.397	123.06
341.183	126.328
342.97	122.573
344.757	123.836
346.541	125.054
348.327	123.759
350.113	120.631
351.897	115.002
353.682	122.067
355.467	124.327
357.249	128.737
359.033	133.809
360.817	142.37
362.599	155.851
364.382	166.707
366.164	186.784
367.945	207.735
369.727	240.31
371.507	260.003
373.288	272.381
375.067	271.107
376.848	257.604
378.628	274.028
380.406	291.974
382.186	357.033
383.963	478.189
385.742	670.25
387.518	984.174
389.297	1424.91
391.072	1929.95
392.85	2257.25
394.625	2082.32
396.402	1606.14
398.177	1123.34
399.953	810.488
401.727	597.058
403.502	479.755
405.275	353.252
407.05	262.717
408.823	201.654
410.597	166.396
412.369	142.282
414.142	116.436
415.913	104.263
417.684	94.1079
419.456	91.0817
421.227	82.9817
422.998	85.0412
424.768	70.8509
426.537	74.6865
428.308	66.3877
430.076	67.8499
431.844	61.5458
433.614	59.6605
435.381	56.1876
437.15	62.3241
438.917	52.2641
440.683	54.4014
442.451	54.0278
444.217	51.4021
445.982	51.3726
447.747	52.2023
449.514	46.3135
451.278	50.4644
453.042	53.872
454.807	48.7137
456.571	47.4408
458.334	49.9821
460.096	49.5885
461.861	50.4046
463.622	50.2603
465.384	51.5645
467.145	53.6602
468.906	57.1545
470.669	56.4488
472.429	66.5434
474.189	64.6021
475.948	65.7487
477.708	71.0763
479.468	70.3311
481.227	78.4222
482.985	83.2663
484.743	105.226
486.501	144.188
488.258	204.937
490.017	332.717
491.773	495.534
493.529	649.59
495.285	649.82
497.041	534.247
498.796	398.696
500.55	291.007
502.305	208.013
504.059	157.458
505.813	121.628
507.566	103.169
509.322	89.269
511.074	78.4262
512.827	75.2339
514.579	67.3006
516.331	64.2044
518.082	56.3399
519.833	55.4871
521.584	54.7363
523.334	52.5927
525.085	50.6164
526.834	42.1768
528.584	48.15
530.333	42.8504
532.082	47.5708
533.83	46.2597
535.578	45.4237
537.324	44.21
539.071	45.5035
540.818	49.8231
542.565	43.4312
544.312	38.5903
546.058	43.7448
547.804	39.9459
549.549	39.3948
551.294	38.6047
553.039	42.1565
554.783	40.9645
556.525	37.0098
558.269	42.7625
560.012	42.9501
561.756	43.4532
563.498	42.7917
565.241	49.6047
566.981	47.9771
568.723	50.0667
570.464	59.4507
572.205	72.9527
573.946	85.0594
575.684	104.91
577.424	132.887
579.164	150.558
580.904	158.827
582.643	149.096
584.379	126.472
586.118	101.093
587.856	83.4276
589.592	68.5833
591.329	57.5545
593.066	51.3385
594.803	41.7872
596.537	36.7509
598.273	38.9096
600.009	33.775
601.743	33.9995
603.478	30.6006
605.213	38.5816
606.945	30.787
608.679	31.2005
610.413	33.8363
612.144	30.1284
613.878	31.3112
615.61	30.7679
617.341	30.2148
619.073	30.8725
620.803	25.7261
622.534	27.4764
624.265	25.5784
625.994	30.6298
627.725	24.8464
629.453	25.5727
631.183	25.6033
632.91	30.7812
634.639	25.629
636.366	30.0284
638.095	30.8144
639.823	30.9442
641.549	26.7193
643.276	29.1687
645.002	33.7002
646.728	27.3626
648.453	31.2806
650.179	27.9035
651.903	30.9346
653.627	37.2517
655.352	32.2703
657.075	36.8208
658.799	31.855
660.522	32.3691
662.246	38.2391
663.967	33.8186
665.688	32.0336
667.411	35.4086
669.132	39.7753
670.854	37.1586
672.574	45.7881
674.294	45.2333
676.015	48.7123
677.734	54.3321
679.455	55.9512
681.173	56.417
682.891	70.2975
684.611	74.5288
686.328	86.8265
688.045	92.8748
689.764	108.624
691.48	135.973
693.196	159.601
694.912	201.394
696.629	255.083
698.344	326.426
700.059	435.081
701.774	550.051
703.49	622.656
705.203	574.453
706.917	463.862
708.63	333.462
710.345	237.593
712.057	170.866
713.77	128.6
715.481	94.8064
717.193	76.5198
718.906	61.8048
720.617	42.7628
722.327	34.2151
724.038	27.2253
725.747	25.9972
727.457	24.1772
729.168	17.522
730.877	18.5265
732.586	18.3924
734.294	18.8721
736.002	14.8854
737.71	9.56614
739.417	16.725
741.124	17.4576
742.83	16.6022
744.539	14.9229
746.245	11.1442
747.951	8.01374
749.656	11.1945
751.361	7.2621
753.066	11.6783
754.77	8.38796
756.474	5.73746
758.178	8.69486
759.881	7.39705
761.584	11.0217
763.287	9.00031
764.99	9.45748
766.692	3.49845
768.393	3.92238
770.095	5.45051
771.796	8.9428
773.497	8.34635
775.198	9.92475
776.898	6.00736
778.598	10.3235
780.295	13.105
781.995	9.97648
783.693	10.8359
785.392	13.741
787.09	12.5397
788.788	12.4903
790.486	13.4191
792.183	21.522
793.88	29.0439
795.575	44.914
797.271	75.4708
798.967	110.95
800.663	135.126
802.359	133.206
804.054	106.35
805.746	77.7098
807.441	62.8766
809.135	60.5069
810.829	70.5882
812.522	83.1993
814.214	83.7362
815.906	76.6412
817.599	58.2544
819.291	48.8201
820.981	31.636
822.673	30.0631
824.364	25.4507
826.053	22.8909
827.744	25.7874
829.434	26.4035
831.124	20.2344
832.812	24.4072
834.501	28.1919
836.19	33.3779
837.877	39.2165
839.565	50.0954
841.253	62.6124
842.939	69.606
844.627	90.6156
846.312	105.363
847.998	149.724
849.685	190.673
851.369	263.53
853.055	393.878
854.739	663.521
856.424	1165.41
858.109	2047.31
859.791	3219
861.476	4414.84
863.158	4690.44
864.841	3630.7
866.523	2344.57
868.206	1404.24
869.887	807.188
871.569	513.196
873.249	359.572
874.931	268.982
876.61	214.539
878.291	185.018
879.97	151.272
881.651	139.137
883.329	126.717
885.009	113.778
886.686	102.501
888.366	93.7346
890.043	86.2549
891.721	75.1564
893.398	68.0438
895.074	60.7601
896.751	57.8981
898.427	54.7262
900.104	51.757
901.779	45.6107
903.453	43.0214
905.129	48.9877
906.803	41.4754
908.476	38.7206
910.152	47.0079
911.825	52.3638
913.497	51.8494
915.171	68.3157
916.843	80.58
918.515	87.9533
920.188	92.7989
921.859	83.8321
923.53	74.6842
925.2	64.2752
926.872	57.8518
928.542	51.2209
930.211	45.337
931.881	56.1153
933.551	58.0454
935.22	77.5055
936.888	89.54
938.556	121.009
940.224	162.052
941.893	242.343
943.56	315.116
945.226	342.944
946.893	273.208
948.559	170.553
950.224	98.7451
951.892	57.6891
953.557	38.3235
955.222	25.8373
956.886	23.7428
958.55	20.3482
960.214	17.24
961.878	15.385
963.541	14.9365
965.206	11.2853
966.868	6.33391
968.531	10.127
970.193	5.10778
971.854	7.51844
973.516	4.39255
975.177	7.07197
976.838	7.00289
978.498	7.60367
980.158	6.16687
981.818	6.39373
983.477	2.29976
985.137	5.41582
986.796	7.6216
988.454	6.50065
990.112	12.2103
991.77	14.7842
993.428	9.73691
995.085	9.62825
996.742	12.3932
998.399	16.3352
1000.05	18.3502
1001.71	15.9705
1003.37	16.9001
1005.02	23.2784
1006.68	29.3901
1008.33	34.1307
1009.99	38.4542
1011.64	49.2307
1013.29	62.224
1014.95	85.0551
1016.6	110.496
1018.25	168.073
1019.9	271.911
1021.56	407.873
1023.21	575.459
1024.86	649.511
1026.51	678.389
1028.16	733.016
1029.81	699.338
1031.46	501.475
1033.11	303.968
1034.76	186.093
1036.41	124.631
1038.06	105.301
1039.71	100.267
1041.36	94.4677
1043.01	89.9192
1044.65	124.02
1046.3	206.972
1047.95	394.136
1049.59	693.162
1051.24	1078.53
1052.89	1255.53
1054.53	977.153
1056.18	627.443
1057.82	380.371
1059.46	227.125
1061.11	164.505
1062.75	144.692
1064.4	136.096
1066.04	140.064
1067.68	148.056
1069.33	168.375
1070.97	192.415
1072.61	233.219
1074.25	270.026
1075.89	319.643
1077.54	402.933
1079.18	514.622
1080.82	667.804
1082.46	931.327
1084.1	1318.46
1085.74	1774.66
1087.38	2197.51
1089.01	2271.23
1090.65	2003.73
1092.29	1555.23
1093.93	1097.23
1095.57	779.004
1097.21	583.615
1098.84	467.441
1100.48	390.092
1102.11	356.019
1103.75	364.841
1105.39	383.408
1107.02	455.382
1108.66	552.138
1110.29	758.99
1111.93	1147.01
1113.56	1824.84
1115.19	2853.09
1116.83	3932.24
1118.46	4344.66
1120.09	3466.81
1121.73	2266.14
1123.36	1317.38
1124.99	763.954
1126.62	458.417
1128.25	311.598
1129.88	214.313
1131.52	174.631
1133.15	136.789
1134.78	110.036
1136.41	96.3622
1138.04	89.9929
1139.66	76.6438
1141.29	68.475
1142.92	66.1761
1144.55	68.3628
1146.18	61.362
1147.81	64.2669
1149.43	59.7674
1151.06	63.9406
1152.69	68.9619
1154.31	80.5673
1155.94	87.3039
1157.56	103.047
1159.19	118.26
1160.81	119.749
1162.44	107.114
1164.06	94.5038
1165.69	83.2888
1167.31	80.2771
1168.93	78.7556
1170.56	94.8607
1172.18	108.642
1173.8	128.725
1175.42	162.713
1177.05	175.4
1178.67	172.12
1180.29	143.131
1181.91	113.332
1183.53	81.4874
1185.15	54.6077
1186.77	42.7446
1188.39	32.4995
1190.01	28.0128
1191.63	20.7152
1193.25	19.5394
1194.87	18.5441
1196.48	13.0882
1198.1	13.6633
1199.72	10.5553
1201.34	10.9605
1202.95	12.8642
1204.57	15.1472
1206.19	20.0875
1207.8	25.1863
1209.42	20.8918
1211.03	24.4058
1212.65	20.1647
1214.26	15.0608
1215.88	7.63981
1217.49	9.33611
1219.1	7.36931
1220.72	2.96847
1222.33	6.80581
1223.95	5.28261
1225.56	2.89621
1227.17	5.58429
1228.78	5.7233
1230.39	3.80303
1232	13.2321
1233.61	11.4919
1235.22	14.1184
1236.84	11.6531
1238.45	14.8429
1240.05	16.8756
1241.66	27.8394
1243.27	39.5774
1244.88	49.9049
1246.49	77.0677
1248.1	119.537
1249.71	177.687
1251.31	267.857
1252.92	328.635
1254.53	347.996
1256.13	278.764
1257.74	202.755
1259.35	141.332
1260.95	119.422
1262.56	131.01
1264.16	186.88
1265.77	292.882
1267.37	438.48
1268.98	631.696
1270.58	757.057
1272.18	726.575
1273.79	596.819
1275.39	428.43
1276.99	297.727
1278.59	224.329
1280.2	161.949
1281.8	131.613
1283.4	114.293
1285	112.029
1286.6	107.618
1288.2	124.041
1289.8	156.168
1291.4	205.997
1293	285.206
1294.6	381.035
1296.2	470.552
1297.8	530.916
1299.4	570.355
1300.99	599.012
1302.59	686.915
1304.19	837.266
1305.79	1058.1
1307.38	1212.03
1308.98	1191.13
1310.57	970.889
1312.17	692.968
1313.77	463.03
1315.36	300.81
1316.96	193.37
1318.55	129.579
1320.14	100.393
1321.74	78.8614
1323.33	70.303
1324.93	60.7373
1326.52	59.0499
1328.11	63.4852
1329.7	46.7672
1331.3	55.2724
1332.89	41.5329
1334.48	49.3007
1336.07	50.8935
1337.66	52.2572
1339.25	52.6794
1340.84	44.401
1342.43	35.7562
1344.02	22.1217
1345.61	14.3525
1347.2	10.186
1348.79	7.74297
1350.38	0.286458
1351.97	4.37203
1353.55	1.89548
1355.14	5.06385
1356.73	4.53878
1358.31	4.2943
1359.9	10.0282
1361.49	3.56637
1363.07	4.17264
1364.66	9.52567
1366.25	7.8707
1367.83	15.2495
1369.41	18.0855
1371	16.7218
1372.58	19.4295
1374.17	24.6309
1375.75	29.5302
1377.33	41.4474
1378.92	56.9953
1380.5	96.301
1382.08	128.772
1383.66	178.341
1385.25	201.373
1386.83	208.195
1388.41	212.103
1389.99	213.928
1391.57	214.225
1393.15	221.699
1394.73	240.184
1396.31	293.374
1397.89	376.149
1399.47	466.752
1401.05	483.412
1402.62	383.552
1404.2	262.761
1405.78	179.251
1407.36	129.098
1408.94	99.3555
1410.51	92.7853
1412.09	82.0463
1413.66	90.6408
1415.24	94.9618
1416.82	113.192
1418.39	151.546
1419.97	238.899
1421.54	385.683
1423.12	602.56
1424.69	769.458
1426.27	677.397
1427.84	509.322
1429.41	398.241
1430.99	331.56
1432.56	274.464
1434.13	257.232
1435.7	276.269
1437.27	363.854
1438.85	502.351
1440.42	655.418
1441.99	680.017
1443.56	612.218
1445.13	622.222
1446.7	775.358
1448.27	1128.06
1449.84	1675.74
1451.41	2204.74
1452.97	2369.54
1454.54	2023.54
1456.11	1631.42
1457.68	1407.92
1459.25	1404.66
1460.81	1550.01
1462.38	1529.58
1463.95	1228.76
1465.52	857.026
1467.08	584.95
1468.65	410.251
1470.21	314.242
1471.78	271.572
1473.34	259.328
1474.91	267.155
1476.47	287.776
1478.04	290.19
1479.6	264.978
1481.16	244.795
1482.73	239.18
1484.29	267.521
1485.85	298.687
1487.41	301.656
1488.98	287.716
1490.54	246.48
1492.1	188.199
1493.66	139.117
1495.22	99.5869
1496.78	80.9805
1498.34	65.9799
1499.9	51.2362
1501.46	39.0971
1503.02	28.7173
1504.58	24.7719
1506.14	21.9544
1507.7	12.972
1509.25	11.5167
1510.81	12.2317
1512.37	8.05015
1513.93	3.13376
1515.48	0.0257923
1517.04	0.60375
1518.6	-0.663996
1520.15	3.75998
1521.71	2.84652
1523.26	-5.29545
1524.82	-4.11439
1526.37	-5.41075
1527.93	-7.04608
1529.48	-5.29632
1531.03	-8.16384
1532.59	-3.43992
1534.14	-4.33921
1535.7	-8.15547
1537.25	-7.28044
1538.8	-6.05258
1540.35	-10.1942
1541.9	-6.27827
1543.46	-7.80003
1545.01	-3.472
1546.56	-10.4835
1548.11	-4.73744
1549.66	-9.38276
1551.21	-12.1749
1552.76	-11.2906
1554.31	-14.8702
1555.86	-14.5193
1557.41	-12.1749
1558.96	-13.603
1560.5	-10.2942
1562.05	-15.5207
1563.6	-13.4181
1565.15	-10.8843
1566.69	-17.5042
1568.24	-16.1475
1569.79	-14.8774
1571.33	-16.8459
1572.88	-13.4441
1574.43	-14.7089
1575.97	-18.6049
1577.52	-18.5292
1579.06	-18.8292
1580.61	-19.3589
1582.15	-22.3547
1583.69	-21.4222
1585.24	-22.3443
1586.78	-21.7557
1588.32	-24.3605
1589.87	-25.9386
1591.41	-24.0322
1592.95	-23.2084
1594.49	-23.6563
1596.03	-21.3918
1597.58	-20.8254
1599.12	-16.1264
1600.66	-13.527
1602.2	-9.07095
1603.74	-3.95025
1605.28	-10.0567
1606.82	-4.09909
1608.36	-6.04418
1609.89	-8.97357
1611.43	-11.9232
1612.97	-19.4667
1614.51	-16.8162
1616.05	-24.1773
1617.59	-22.6619
1619.12	-25.4924
1620.66	-22.192
1622.2	-24.3646
1623.73	-34.0346
1625.27	-28.4646
1626.8	-22.481
1628.34	-23.2029
1629.87	-24.7362
1631.41	-21.1081
1632.94	-19.3589
1634.48	-18.9612
1636.01	-20.8968
1637.55	-21.056
1639.08	-29.2584
1640.61	-26.9116
1642.15	-31.0512
1643.68	-34.4473
1645.21	-33.9549
1646.74	-35.9309
1648.27	-37.8148
1649.81	-35.4931
1651.34	-38.984
1652.87	-40.5684
1654.4	-38.317
1655.93	-42.4043
1657.46	-40.0281
1658.99	-37.3287
1660.52	-42.8389
1662.05	-39.2475
1663.58	-40.8516
1665.1	-39.933
1666.63	-43.8001
1668.16	-37.0201
1669.69	-42.7005
1671.22	-37.6128
1672.74	-40.1344
1674.27	-37.2882
1675.8	-35.2166
1677.32	-37.4137
1678.85	-40.5075
1680.37	-34.9782
1681.9	-31.9416
1683.42	-28.6738
1684.95	-28.3366
1686.47	-14.6936
1688	-12.2237
1689.52	-6.85189
1691.04	-17.9631
1692.57	-26.2264
1694.09	-33.2385
1695.61	-32.9865
1697.14	-36.5294
1698.66	-35.3743
1700.18	-30.575
1701.7	-26.7848
1703.22	-27.6037
1704.74	-30.3103
1706.26	-29.1232
1707.78	-26.64
1709.3	-25.7002
1710.82	-14.3124
1712.35	-3.94708
1713.86	0.975087
1715.38	15.5922
1716.9	37.5303
1718.42	71.4442
1719.94	146.892
1721.46	287.849
1722.97	524.925
1724.49	912.038
1726.01	1347.8
1727.52	1514.06
1729.04	1346.35
1730.56	1082.72
1732.07	911.877
1733.59	804.72
1735.1	729.908
1736.62	625.468
1738.13	457.994
1739.65	307.104
1741.16	181.41
1742.68	105.325
1744.19	59.6565
1745.7	34.8185
1747.22	21.1643
1748.73	8.48217
1750.24	4.9159
1751.75	4.93091
1753.27	-2.53512
1754.78	-6.74612
1756.29	-5.61419
1757.8	-7.57492
1759.22	-12.3691
1760.73	-7.13133
1762.25	-8.37365
1763.77	-10.4546
1765.28	-12.5364
1766.8	-13.3348
1768.32	-15.9134
1769.83	-14.9687
1771.35	-14.4558
1772.86	-13.7614
1774.38	-19.5828
1775.9	-19.9969
1777.41	-17.1297
1778.92	-17.3404
1780.44	-16.8867
1781.95	-15.4227
1783.46	-20.1313
1784.98	-18.8555
1786.49	-20.6356
1788	-17.8432
1789.52	-17.2982
1791.03	-22.1336
1792.54	-19.1774
1794.05	-20.9719
1795.56	-21.1413
1797.07	-21.0113
1798.58	-21.9686
1800.1	-23.567
1801.6	-24.8619
1803.11	-21.1104
1804.62	-25.4471
1806.13	-23.0168
1807.64	-23.3355
1809.15	-26.5903
1810.66	-21.9235
1812.17	-24.3542
1813.68	-26.983
1815.18	-24.5827
1816.69	-23.634
1818.2	-22.0501
1819.7	-16.9144
1821.21	-8.79585
1822.72	-3.98637
1824.22	-0.0389354
1825.73	3.04101
1827.23	0.224324
1828.74	-5.49224
1830.24	-8.7655
1831.75	-17.0375
1833.25	-18.4971
1834.76	-19.4404
1836.26	-22.983
1837.76	-24.0973
1839.27	-21.4988
1840.77	-22.705
1842.27	-24.6628
1843.77	-23.7589
1845.28	-31.0212
1846.78	-27.1607
1848.28	-27.9904
1849.78	-30.8894
1851.28	-26.5102
1852.78	-25.2199
1854.28	-26.9512
1855.78	-26.8746
1857.28	-21.5066
1858.78	-23.1159
1860.28	-23.5375
1861.78	-23.1292
1863.28	-26.0635
1864.78	-27.9759
1866.27	-24.768
1867.77	-26.733
1869.27	-26.0513
1870.77	-29.2517
1872.26	-28.9917
1873.76	-30.2643
1875.26	-28.8348
1876.75	-24.442
1878.25	-23.7722
1879.75	-19.2046
1881.24	-18.3006
1882.74	-15.7781
1884.23	-17.6253
1885.72	-18.0085
1887.22	-14.3517
1888.71	-16.8554
1890.21	-23.4985
1891.7	-25.4763
1893.19	-27.0971
1894.69	-27.4049
1896.18	-30.3288
1897.67	-31.2237
1899.16	-33.7503
1900.66	-31.7945
1902.15	-29.9121
1903.64	-33.563
1905.13	-32.9588
1906.62	-31.2998
1908.11	-35.5561
1909.6	-36.8314
1911.09	-32.1941
1912.58	-33.4564
1914.07	-33.4183
1915.56	-32.8738
1917.05	-32.5062
1918.54	-31.196
1920.02	-28.5498
1921.51	-32.3242
1923	-33.8393
1924.49	-31.2266
1925.97	-34.7192
1927.46	-32.3381
1928.95	-32.5386
1930.43	-36.1884
1931.92	-37.8968
1933.4	-35.6419
1934.89	-36.8542
1936.38	-34.3696
1937.86	-38.3572
1939.34	-35.3558
1940.83	-38.3497
1942.31	-38.454
1943.8	-36.7429
1945.28	-35.4723
1946.76	-34.7634
1948.25	-35.1287
1949.73	-33.9295
1951.21	-40.7219
1952.69	-36.6146
1954.17	-40.4352
1955.66	-35.4344
1957.14	-40.1012
1958.62	-38.9314
1960.1	-37.2114
1961.58	-37.2443
1963.06	-38.5193
1964.54	-37.1585
1966.02	-40.7254
1967.5	-36.3225
1968.98	-35.3307
1970.46	-36.0722
1971.94	-34.4646
1973.41	-37.8471
1974.89	-40.897
1976.37	-37.0637
1977.85	-33.279
1979.33	-33.7818
1980.8	-35.7702
1982.28	-36.7854
1983.76	-34.9868
1985.23	-37.2099
1986.71	-40.3922
1988.18	-39.6741
1989.66	-38.6436
1991.13	-38.1384
1992.61	-40.7239
1994.08	-38.7722
1995.56	-40.5479
1997.03	-39.047
1998.5	-39.4669
1999.98	-38.2355
2001.45	-37.1611
2002.93	-36.5482
2004.4	-36.3378
2005.87	-34.5525
2007.34	-34.4357
2008.81	-33.7931
2010.28	-38.0329
2011.76	-35.4654
2013.23	-39.3374
2014.7	-36.0199
2016.17	-38.0246
2017.64	-36.423
2019.11	-37.4024
2020.58	-34.6213
2022.05	-31.6312
2023.52	-35.3489
2024.99	-28.0704
2026.45	-32.2008
2027.92	-26.3715
2029.39	-26.1406
2030.86	-25.8823
2032.33	-23.7609
2033.79	-18.2758
2035.26	-21.3586
2036.73	-20.9904
2038.19	-21.7236
2039.66	-27.3399
2041.13	-28.9009
2042.59	-31.9086
2044.06	-30.7105
2045.52	-29.1422
2046.99	-27.8858
2048.45	-28.5929
2049.91	-27.0052
2051.38	-31.3272
2052.84	-30.1346
2054.31	-31.9947
2055.77	-34.0453
2057.23	-35.9436
2058.69	-35.0955
2060.16	-37.878
2061.62	-34.3831
2063.08	-40.1448
2064.54	-35.5948
2066	-43.4256
2067.46	-41.4215
2068.93	-41.7452
2070.39	-42.5032
2071.85	-39.8399
2073.31	-39.8529
2074.77	-40.9152
2076.23	-38.2393
2077.69	-44.7875
2079.14	-39.592
2080.6	-41.2516
2082.06	-38.1858
2083.52	-37.3018
2084.98	-37.4752
2086.43	-36.7132
2087.89	-35.7061
2089.35	-35.1281
2090.81	-33.5824
2092.26	-26.8215
2093.72	-27.8647
2095.17	-28.3071
2096.63	-26.3357
2098.09	-30.1828
2099.54	-34.1491
2100.99	-32.0777
2102.45	-32.1202
2103.9	-33.8118
2105.36	-31.283
2106.81	-28.5825
2108.27	-33.4541
2109.72	-34.7438
2111.17	-36.0355
2112.62	-38.628
2114.08	-34.2164
2115.53	-39.4429
2116.98	-39.4833
2118.43	-40.2587
2119.89	-44.8517
2121.34	-42.9935
2122.79	-38.7782
2124.24	-43.714
2125.69	-43.8764
2127.14	-44.6364
2128.59	-43.5998
2130.04	-48.872
2131.49	-49.356
2132.94	-48.1839
2134.38	-46.8436
2135.83	-44.0951
2137.28	-47.3791
2138.73	-46.5806
2140.18	-46.1792
2141.63	-47.4779
2143.07	-47.3484
2144.52	-46.4159
2145.97	-50.316
2147.41	-52.3351
2148.86	-48.5951
2150.3	-47.927
2151.75	-46.3451
2153.19	-47.2259
2154.64	-46.7506
2156.08	-49.2586
2157.53	-45.2054
2158.97	-47.9484
2160.42	-43.2539
2161.86	-45.347
2163.3	-40.5037
2164.75	-37.1845
2166.19	-36.0225
2167.63	-35.0192
2169.08	-27.582
2170.52	-29.7653
2171.96	-28.1788
2173.4	-29.5543
2174.84	-25.2144
2176.29	-28.434
2177.73	-28.6125
2179.17	-26.4758
2180.61	-30.4074
2182.05	-32.7562
2183.49	-32.034
2184.93	-40.9961
2186.37	-35.7974
2187.81	-40.8964
2189.24	-39.1062
2190.68	-40.4026
2192.12	-42.1214
2193.56	-37.5041
2195	-41.1348
2196.43	-43.2594
2197.87	-43.9336
2199.31	-40.2176
2200.74	-39.7185
2202.18	-37.7729
2203.62	-35.4807
2205.05	-33.6535
2206.49	-32.0632
2207.92	-34.6814
2209.36	-34.4724
2210.79	-34.2508
2212.23	-34.2424
2213.66	-38.8288
2215.1	-41.3952
2216.53	-39.1839
2217.96	-41.427
2219.4	-45.9336
2220.83	-42.026
2222.26	-42.4904
2223.7	-42.9898
2225.13	-41.4443
2226.56	-38.4366
2227.99	-44.2052
2229.42	-40.1696
2230.86	-40.1413
2232.28	-42.0393
2233.72	-46.6043
2235.15	-46.2512
2236.58	-47.9134
2238.01	-45.4045
2239.44	-45.6149
2240.87	-50.5787
2242.3	-47.3889
2243.72	-46.2255
2245.15	-45.225
2246.58	-45.3614
2248.01	-46.5711
2249.44	-45.377
2250.86	-48.3983
2252.29	-45.5481
2253.72	-43.4533
2255.15	-47.1334
2256.57	-45.3643
2258	-43.8469
2259.43	-42.1668
2260.85	-43.7567
2262.28	-46.3942
2263.7	-41.0271
2265.13	-46.5067
2266.55	-46.4876
2267.97	-48.7402
2269.4	-47.5346
2270.82	-41.8105
2272.25	-45.1641
2273.67	-45.8299
2275.09	-48.9774
2276.52	-46.3922
2277.94	-46.1197
2279.36	-47.627
2280.78	-44.6127
2282.21	-41.9992
2283.63	-43.601
2285.05	-44.4199
2286.47	-37.4559
2287.89	-37.1501
2289.31	-34.2713
2290.73	-29.3549
2292.15	-31.0665
2293.57	-27.8323
2294.99	-35.7367
2296.41	-38.9672
2297.83	-39.655
2299.25	-42.658
2300.67	-41.7377
2302.08	-44.9803
2303.5	-40.9288
2304.92	-45.0782
2306.34	-46.5
2307.76	-43.3039
2309.17	-40.9112
2310.59	-39.9778
2312.01	-42.5173
2313.42	-41.4099
2314.84	-42.8979
2316.25	-40.7924
2317.67	-39.9789
2319.08	-35.3975
2320.5	-41.7264
2321.92	-36.8967
2323.33	-36.289
2324.74	-38.3641
2326.16	-34.7565
2327.57	-31.2061
2328.98	-31.2662
2330.4	-32.9862
2331.81	-34.7337
2333.22	-32.019
2334.63	-37.7561
2336.05	-42.2289
2337.46	-41.8067
2338.87	-43.0895
2340.28	-42.0214
2341.69	-42.7384
2343.1	-42.4936
2344.51	-45.9143
2345.92	-45.0233
2347.33	-44.9199
2348.74	-50.6836
2350.15	-50.5238
2351.56	-50.0828
2352.97	-47.6551
2354.38	-50.3784
2355.79	-48.5408
2357.2	-49.0653
2358.61	-50.8587
2360.01	-44.298
2361.42	-45.9848
2362.83	-45.7591
2364.24	-48.7147
2365.64	-49.1618
2367.05	-46.7488
2368.46	-48.4885
2369.86	-48.8795
2371.27	-50.7703
2372.67	-45.8212
2374.08	-48.9459
2375.48	-48.0316
2376.89	-53.1728
2378.29	-52.2998
2379.7	-46.6815
2381.1	-48.5873
2382.5	-55.2737
2383.91	-52.8289
2385.31	-51.2187
2386.72	-55.3283
2388.12	-50.6766
2389.52	-52.1334
2390.92	-52.6905
2392.32	-54.6154
2393.73	-45.5316
2395.13	-45.9885
2396.53	-43.314
2397.93	-43.3617
2399.33	-47.2282
2400.73	-46.5015
2402.13	-49.7704
2403.53	-42.6531
2404.93	-44.8742
2406.33	-45.4158
2407.73	-47.7039
2409.13	-43.9131
2410.53	-46.4549
2411.93	-44.0798
2413.32	-44.663
2414.72	-45.7579
2416.12	-46.5431
2417.52	-41.6868
2418.91	-42.0214
2420.31	-43.3334
2421.71	-42.684
2423.1	-43.5027
2424.5	-47.3568
2425.9	-43.6963
2427.29	-46.9924
2428.69	-41.9477
2430.08	-44.074
2431.48	-43.9373
2432.87	-43.859
2434.27	-45.4658
2435.66	-42.5167
2437.05	-44.4436
2438.45	-46.5049
2439.84	-47.1996
2441.23	-46.878
2442.63	-50.1423
2444.02	-48.5159
2445.41	-53.8464
2446.8	-56.1704
2448.2	-52.8515
2449.59	-51.5858
2450.98	-48.1284
2452.37	-51.6499
2453.76	-56.7067
2455.15	-51.8588
2456.54	-53.9424
2457.93	-56.0909
2459.32	-52.3643
2460.71	-51.391
2462.1	-56.3522
2463.49	-52.3504
2464.88	-53.3531
2466.27	-56.4443
2467.66	-53.7115
2469.04	-50.0004
2470.43	-53.0567
2471.82	-50.5402
2473.21	-50.0831
2474.59	-49.8126
2475.98	-46.2625
2477.37	-43.9746
2478.76	-48.6107
2480.14	-44.3835
2481.53	-47.4565
2482.91	-46.4338
2484.3	-48.6945
2485.68	-45.0152
2487.07	-43.4493
2488.45	-43.822
2489.84	-43.5738
2491.22	-45.4033
2492.61	-38.1063
2493.99	-31.2902
2495.37	-33.6078
2496.76	-31.0053
2498.14	-32.9969
2499.52	-27.8395
2500.9	-28.249
2502.29	-32.5143
2503.67	-32.2031
2505.05	-29.3353
2506.43	-27.8499
2507.81	-26.5617
2509.19	-32.5863
2510.57	-33.6419
2511.96	-33.5194
2513.34	-37.8688
2514.72	-34.3294
2516.09	-41.6313
2517.47	-36.5722
2518.85	-39.5195
2520.23	-43.2513
2521.61	-41.6804
2522.99	-41.1909
2524.37	-41.1669
2525.75	-43.4669
2527.12	-44.0761
2528.5	-45.803
2529.88	-45.536
2531.25	-45.6952
2532.63	-43.4079
2534.01	-41.7304
2535.38	-41.2998
2536.76	-37.4483
2538.14	-40.9713
2539.51	-41.4813
2540.89	-44.2746
2542.26	-38.8427
2543.64	-44.563
2545.01	-42.9875
2546.39	-43.6403
2547.76	-45.5186
2549.13	-45.1522
2550.51	-43.7989
2551.88	-51.3719
2553.25	-51.4826
2554.63	-50.8702
2556	-47.1595
2557.37	-51.6242
2558.74	-52.6995
2560.12	-50.3475
2561.49	-47.3354
2562.86	-50.2313
2564.23	-48.8919
2565.6	-46.0587
2566.97	-49.2104
2568.34	-43.8587
2569.71	-47.3158
2571.08	-46.0166
2572.45	-43.768
2573.82	-44.7586
2575.19	-45.0361
2576.56	-46.9364
2577.93	-50.0065
2579.3	-46.2914
2580.66	-48.2845
2582.03	-49.7588
2583.4	-48.6116
2584.77	-47.6279
2586.13	-47.6475
2587.5	-45.6302
2588.87	-41.8576
2590.23	-43.0239
2591.6	-40.109
2592.97	-37.7012
2594.33	-34.4152
2595.7	-26.0042
2597.06	-30.4291
2598.43	-28.1739
2599.79	-23.1
2601.16	-23.7369
2602.52	-23.1552
2603.89	-21.5256
2605.25	-21.7637
2606.61	-20.7928
2607.98	-26.2426
2609.34	-29.9285
2610.7	-30.2051
2612.07	-31.9026
2613.43	-28.8255
2614.79	-32.0002
2616.15	-32.3276
2617.51	-32.7695
2618.87	-36.3916
2620.24	-36.6684
2621.6	-41.3695
2622.96	-43.6449
2624.32	-46.6705
2625.68	-43.1172
2627.04	-44.5991
2628.4	-48.2244
2629.76	-50.2735
2631.12	-48.4977
2632.47	-50.6047
2633.83	-45.5845
2635.19	-47.4987
2636.55	-46.7214
2637.91	-43.0444
2639.26	-45.2357
2640.62	-44.3726
2641.98	-38.5817
2643.34	-41.9717
2644.69	-40.6242
2646.05	-37.1123
2647.41	-39.4553
2648.76	-38.1451
2650.12	-37.0423
2651.47	-37.6914
2652.83	-37.2281
2654.18	-33.272
2655.54	-33.9595
2656.89	-31.6569
2658.25	-30.5247
2659.6	-28.5495
2660.96	-30.5149
2662.31	-32.1106
2663.66	-32.684
2665.02	-33.2697
2666.37	-33.6934
2667.72	-37.34
2669.07	-33.1541
2670.43	-34.9313
2671.78	-32.4479
2673.13	-38.2373
2674.48	-37.6385
2675.83	-37.3209
2677.18	-40.5
2678.53	-43.1236
2679.89	-40.4927
2681.24	-41.3493
2682.59	-40.6725
2683.94	-38.7407
2685.29	-46.5829
2686.63	-41.1666
2687.98	-37.6683
2689.33	-40.0691
2690.68	-37.2949
2692.03	-33.8193
2693.38	-39.7194
2694.72	-42.2347
2696.07	-40.875
2697.42	-39.0718
2698.77	-37.7003
2700.11	-38.4557
2701.46	-38.2456
2702.81	-34.6848
2704.15	-27.1801
2705.5	-26.6443
2706.84	-20.9994
2708.19	-13.9792
2709.53	-2.26348
2710.88	10.7307
2712.22	21.629
2713.57	29.7007
2714.91	37.7918
2716.26	29.9995
2717.6	24.4436
2718.95	26.4994
2720.29	18.7016
2721.63	19.153
2722.97	22.8785
2724.32	28.6826
2725.66	36.8127
2727	47.9927
2728.34	57.3441
2729.68	68.2123
2731.03	73.9907
2732.37	88.3385
2733.71	87.0577
2735.05	83.7394
2736.39	83.8093
2737.73	74.7631
2739.07	70.7735
2740.41	68.5914
2741.75	67.6696
2743.09	65.9134
2744.43	58.6037
2745.77	61.7643
2747.1	62.7113
2748.44	75.8823
2749.78	74.5429
2751.12	81.2926
2752.46	82.6861
2753.79	78.1138
2755.13	78.0422
2756.47	66.2501
2757.81	67.0838
2759.14	59.6782
2760.48	57.7585
2761.81	53.4752
2763.15	58.9774
2764.49	56.1801
2765.82	53.9038
2767.16	55.0172
2768.49	51.2634
2769.83	52.206
2771.16	48.5849
2772.49	44.5311
2773.83	36.7596
2775.16	39.6092
2776.49	34.4659
2777.83	33.562
2779.16	24.8343
2780.49	27.5591
2781.83	26.0983
2783.16	28.3627
2784.49	30.7832
2785.82	35.319
2787.15	35.8317
2788.48	33.3493
2789.81	35.61
2791.15	30.713
2792.48	35.141
2793.81	33.3765
2795.14	31.9449
2796.47	23.5411
2797.8	22.2069
2799.12	18.9799
2800.45	18.3595
2801.78	16.4207
2803.11	12.5042
2804.44	11.2335
2805.77	12.388
2807.1	10.2065
2808.42	9.18757
2809.75	10.0606
2811.08	11.1104
2812.41	11.2546
2813.73	12.9975
2815.06	15.9156
2816.39	19.6784
2817.71	23.0109
2819.04	20.2248
2820.36	24.7528
2821.69	31.1323
2823.01	35.1815
2824.34	46.1453
2825.66	49.7359
2826.99	55.3929
2828.31	72.4481
2829.64	94.1166
2830.96	116.804
2832.28	144.429
2833.61	173.814
2834.93	206.535
2836.25	226.429
2837.58	220.59
2838.9	199.168
2840.22	171.272
2841.54	141.452
2842.86	117.718
2844.19	103.312
2845.51	94.6316
2846.83	94.8873
2848.15	94.6856
2849.47	105.625
2850.79	111.293
2852.11	123.074
2853.43	137.294
2854.75	161.839
2856.07	186.552
2857.39	209.418
2858.7	229.196
2860.02	267.18
2861.34	308.994
2862.66	380.828
2863.98	478.542
2865.3	590.987
2866.61	740.991
2867.93	918.919
2869.25	1121.71
2870.56	1368.95
2871.88	1609.32
2873.2	1847.04
2874.51	1986.26
2875.83	2036.54
2877.15	1940.93
2878.46	1771.15
2879.78	1560.17
2881.09	1381.1
2882.4	1245.49
2883.72	1167.07
2885.03	1122.01
2886.35	1102.12
2887.66	1137.5
2888.98	1194.55
2890.29	1264.39
2891.6	1380.04
2892.91	1506.1
2894.23	1650.81
2895.54	1837.75
2896.85	2043.45
2898.16	2256.28
2899.47	2357.19
2900.79	2396.78
2902.1	2313.95
2903.41	2172.84
2904.72	2008.82
2906.03	1859.28
2907.34	1749.68
2908.65	1669.17
2909.96	1619.55
2911.27	1598.49
2912.58	1634.09
2913.89	1699.99
2915.2	1792.92
2916.51	1951.48
2917.82	2173.49
2919.12	2449.68
2920.43	2828.3
2921.74	3244.69
2923.05	3762.17
2924.35	4343.29
2925.66	4844.38
2926.97	5289.91
2928.27	5461.42
2929.58	5498.08
2930.89	5280.95
2932.19	4999.88
2933.5	4618.95
2934.8	4274.86
2936.11	3980.66
2937.41	3740.47
2938.72	3579.38
2940.02	3480.59
2941.33	3472.19
2942.63	3469.75
2943.94	3430.78
2945.24	3300.72
2946.54	3084.51
2947.85	2804.17
2949.15	2545.4
2950.45	2370.06
2951.75	2270.24
2953.06	2268.42
2954.36	2277.37
2955.66	2220.03
2956.96	2042.49
2958.26	1800.55
2959.56	1532.94
2960.87	1311.02
2962.17	1134.66
2963.47	1011.06
2964.77	942.17
2966.07	896.809
2967.37	878.948
2968.67	878.188
2969.97	895.823
2971.27	916.968
2972.56	979.482
2973.86	1110.31
2975.16	1299.51
2976.46	1539.84
2977.76	1838.75
2979.06	2071.57
2980.35	2262.62
2981.65	2329.95
2982.95	2255.77
2984.24	1977.86
2985.54	1586.37
2986.84	1242.61
2988.13	999.421
2989.43	856.274
2990.73	812.252
2992.02	821.727
2993.32	874.364
2994.61	896.985
2995.91	863.802
2997.2	753.315
2998.49	611.827
2999.79	486.774
3001.08	386.15
3002.38	313.76
3003.67	256.151
3004.96	220.137
3006.26	187.672
3007.55	170.855
3008.84	146.004
3010.13	128.93
3011.43	121.794
3012.72	108.107
3014.01	97.8667
3015.3	84.4014
3016.59	80.0416
3017.88	78.8126
3019.17	68.3596
3020.46	67.6785
3021.76	61.4343
3023.04	57.5322
3024.33	54.9251
3025.62	51.0322
3026.91	51.149
3028.2	45.3705
3029.49	44.6943
3030.78	41.3384
3032.07	41.7904
3033.36	34.6367
3034.65	37.3361
3035.93	33.3271
3037.22	28.3792
3038.51	26.1333
3039.79	27.5446
3041.08	21.7888
3042.37	22.3606
3043.66	23.3842
3044.94	21.9561
3046.23	14.9804
3047.51	18.2991
3048.8	15.9407
3050.08	12.1976
3051.37	8.96708
3052.65	8.14118
3053.94	10.8616
3055.22	6.32206
3056.51	3.80939
3057.79	5.53026
3059.07	4.13796
3060.36	-3.61764
3061.64	-4.46031
3062.92	-8.70423
3064.21	-13.6966
3065.49	-9.30705
3066.77	-11.3342
3068.06	-11.6553
3069.34	-13.234
3070.62	-18.9916
3071.9	-20.0354
3073.18	-21.4436
3074.46	-22.8165
3075.74	-23.6514
3077.02	-27.4722
3078.3	-19.9331
3079.59	-26.3036
3080.87	-26.2458
3082.15	-29.2676
3083.42	-32.1927
3084.7	-30.2375
3085.98	-31.3945
3087.26	-28.8255
3088.54	-28.7163
3089.82	-31.9251
3091.1	-34.1352
3092.38	-33.5922
3093.65	-36.1213
3094.93	-35.2929
3096.21	-39.4325
3097.48	-39.1045
3098.76	-41.9301
3100.04	-41.8943
3101.32	-41.5056
3102.59	-44.1235
3103.87	-39.1409
3105.14	-41.234
3106.42	-40.1997
3107.69	-39.2949
3108.97	-40.6629
3110.24	-44.7352
3111.52	-41.6342
3112.79	-46.4396
3114.07	-43.0253
3115.34	-43.7721
3116.61	-50.4073
3117.89	-45.2834
3119.16	-46.8502
3120.43	-50.0493
3121.71	-46.4266
3122.98	-54.8645
3124.25	-52.3406
3125.53	-51.7935
3126.8	-51.8386
3128.07	-53.9892
3129.34	-52.6885
3130.61	-54.4868
3131.88	-55.1486
3133.15	-57.7072
3134.42	-57.4879
3135.7	-59.45
3136.97	-60.0612
3138.23	-61.6723
3139.5	-61.0195
3140.77	-61.8682
3142.04	-62.2756
3143.31	-63.0013
3144.58	-62.7614
3145.85	-64.0107
3147.12	-60.4406
3148.39	-61.6841
3149.65	-61.0567
3150.92	-62.2771
3152.19	-60.8585
3152.47	-60.1632
3153.75	-62.8207
3155.02	-63.1952
3156.29	-65.6521
3157.57	-62.1156
3158.84	-64.2603
3160.11	-64.3673
3161.39	-61.3027
3162.66	-61.0342
3163.93	-60.0225
3165.2	-66.4199
3166.47	-64.0595
3167.74	-64.9594
3169.02	-64.0734
3170.29	-64.6441
3171.56	-61.5994
3172.83	-61.8803
3174.1	-67.4631
3175.37	-70.6647
3176.64	-67.6203
3177.91	-67.6053
3179.18	-66.6406
3180.45	-72.4991
3181.72	-68.3531
3182.98	-68.914
3184.25	-66.5918
3185.52	-69.3305
3186.79	-73.3195
3188.06	-70.962
3189.32	-72.0552
3190.59	-69.8035
3191.86	-72.4705
3193.13	-71.4958
3194.39	-74.867
3195.66	-72.3055
3196.93	-71.6117
3198.19	-72.6433
3199.46	-74.537
3200.72	-72.118
3201.99	-72.1809
3203.25	-73.8177
3204.52	-73.3438
3205.79	-74.4055
3207.05	-77.584
3208.31	-74.1041
3209.58	-73.5071
3210.84	-75.2632
3212.11	-72.5058
3213.37	-74.0616
3214.63	-73.4981
3215.9	-71.5348
3217.16	-74.1798
3218.42	-74.8086
3219.68	-73.3253
3220.95	-71.7021
3222.21	-74.8479
3223.47	-72.4647
3224.73	-73.4048
3225.99	-71.6007
3227.25	-71.8174
3228.51	-68.1309
3229.78	-69.6455
3231.04	-71.5475
3232.3	-71.2845
3233.56	-67.3622
3234.82	-66.3835
3236.08	-67.5758
3237.34	-66.6947
3238.6	-65.3296
3239.85	-63.3359
3241.11	-63.4174
3242.37	-61.4792
3243.63	-62.3019
3244.89	-61.4523
3246.15	-58.8836
3247.4	-58.4996
3248.66	-61.9274
3249.92	-59.5725
3251.18	-55.2321
3252.43	-57.2737
3253.69	-61.5087
3254.95	-64.673
3256.2	-61.8768
3257.46	-64.2482
3258.71	-67.3648
3259.97	-68.5288
3261.23	-69.3212
3262.48	-69.6365
3263.74	-68.6493
3264.99	-71.7287
3266.25	-74.7453
3267.5	-77.0829
3268.75	-73.5287
3270.01	-73.9642
3271.26	-77.1439
3272.51	-75.7917
3273.77	-76.0758
3275.02	-76.407
3276.27	-78.3509
3277.53	-77.2282
3278.78	-83.0015
3280.03	-82.2848
3281.28	-79.8527
3282.53	-81.7539
3283.79	-81.6112
3285.04	-81.5167
3286.29	-82.0366
3287.54	-81.3627
3288.79	-83.8167
3290.04	-84.7483
3291.29	-83.9756
3292.54	-83.5918
3293.79	-86.7255
3295.04	-84.368
3296.29	-85.752
3297.54	-84.3802
3298.79	-85.3584
3300.04	-80.8795
3301.29	-84.9931
3302.53	-85.8855
3303.78	-84.7963
3305.03	-88.449
3306.28	-86.351
3307.52	-83.5627
3308.77	-86.405
3310.02	-86.4094
3311.27	-87.2934
3312.51	-85.9349
3313.76	-86.1525
3315.01	-85.9722
3316.25	-87.2957
3317.5	-88.5808
3318.74	-86.5773
3319.99	-87.3812
3321.23	-86.1672
3322.48	-85.6167
3323.72	-85.057
3324.97	-84.1993
3326.21	-84.7925
3327.46	-84.909
3328.7	-87.3936
3329.94	-86.0635
3331.19	-84.6056
3332.43	-89.2503
3333.67	-85.6262
3334.92	-85.298
3336.16	-86.8902
3337.4	-86.2002
3338.64	-84.8394
3339.89	-86.6475
3341.13	-84.6824
3342.37	-86.136
3343.61	-85.1879
3344.85	-86.4183
3346.09	-83.3404
3347.33	-85.6459
3348.57	-82.5509
3349.82	-85.5098
3351.06	-83.9776
3352.29	-84.7258
3353.53	-87.6595
3354.77	-85.437
3356.01	-86.0508
3357.25	-86.2773
3358.49	-85.026
3359.73	-87.0362
3360.97	-86.727
3362.21	-85.4794
3363.45	-86.3302
3364.68	-88.4267
3365.92	-87.4529
3367.16	-86.907
3368.4	-87.3965
3369.63	-89.6745
3370.87	-90.8542
3372.11	-87.4838
3373.34	-86.9073
3374.58	-86.8573
3375.81	-89.3728
3377.05	-88.9619
3378.28	-87.5179
3379.52	-86.5065
3380.76	-85.5479
3381.99	-87.9028
3383.22	-89.5965
3384.46	-89.4942
3385.69	-90.3346
3386.93	-87.8216
3388.16	-89.1298
3389.4	-88.4571
3390.63	-90.2389
3391.86	-91.2691
3393.09	-92.9602
3394.33	-89.4714
3395.56	-90.2629
3396.79	-92.2225
3398.02	-89.2853
3399.26	-89.2601
3400.49	-91.0683
3401.72	-89.8274
3402.95	-90.523
3404.18	-87.8517
3405.41	-92.9831
3406.64	-89.9187
3407.87	-91.5965
3409.11	-89.9523
3410.33	-92.8377
3411.57	-89.4957
3412.79	-92.6273
3414.02	-90.4681
3415.25	-88.206
3416.48	-90.1389
3417.71	-89.3752
3418.94	-90.2109
3420.17	-90.1311
3421.4	-88.8073
3422.63	-90.5108
3423.85	-88.909
3425.08	-88.6438
3426.31	-87.9936
3427.53	-91.4596
3428.76	-89.5399
3429.99	-89.8474
3431.21	-88.1227
3432.44	-88.9096
3433.67	-89.75
3434.89	-90.5923
3436.12	-89.3497
3437.34	-88.1432
3438.57	-88.8616
3439.79	-85.8696
3441.02	-88.1768
3442.24	-90.7114
3443.47	-88.399
3444.69	-89.372
3445.92	-91.8277
3447.14	-89.6679
3448.36	-87.9213
3449.59	-89.5399
3450.81	-92.1676
3452.03	-92.0658
3453.26	-89.8812
3454.48	-93.4631
3455.7	-88.9582
3456.92	-90.0389
3458.15	-92.9227
3459.37	-91.6509
3460.59	-90.6628
3461.81	-95.2767
3463.03	-93.1877
3464.25	-92.6207
3465.47	-93.5697
3466.69	-91.9138
3467.92	-92.9747
3469.14	-93.6558
3470.36	-91.9696
3471.58	-91.6289
3472.79	-92.0372
3474.01	-95.4752
3475.23	-93.0252
3476.45	-90.7695
3477.67	-92.4716
3478.89	-93.2492
3480.11	-92.215
3481.33	-94.8984
3482.54	-91.0666
3483.76	-95.6466
3484.98	-92.3571
3486.2	-92.5493
3487.41	-93.8991
3488.63	-93.2882
3489.85	-92.8137
3491.06	-90.6597
3492.28	-95.696
3493.5	-92.056
3494.71	-93.1868
3495.93	-93.018
3497.14	-95.2406
3498.36	-93.635
3499.57	-93.3394
3500.79	-96.0821
3502	-92.2251
3503.22	-93.9763
3504.43	-94.7424
3505.64	-92.6062
3506.86	-92.9085
3508.07	-93.2637
3509.28	-92.6377
3510.5	-95.5252
3511.71	-96.0667
3512.92	-92.8079
3514.14	-92.9695
3515.35	-93.6489
3516.56	-94.7559
3517.77	-95.8234
3518.99	-89.9548
3520.2	-92.4476
3521.41	-90.7267
3522.62	-90.3739
3523.83	-93.6818
3525.04	-90.8466
3526.25	-92.271
3527.46	-93.5911
3528.67	-90.8235
3529.88	-92.5932
3531.09	-91.361
3532.3	-94.8204
3533.51	-94.3525
3534.72	-93.6633
3535.93	-93.5497
3537.14	-93.7272
3538.35	-92.9744
3539.55	-94.9366
3540.76	-92.0309
3541.97	-93.2342
3543.18	-92.3727
3544.39	-94.9611
3545.59	-95.5359
3546.8	-92.0011
3548.01	-96.6878
3549.21	-94.0494
3550.42	-95.9902
3551.63	-94.3413
3552.83	-96.471
3554.04	-93.5662
3555.24	-95.231
3556.45	-95.5469
3557.65	-93.3524
3558.86	-97.861
3560.06	-94.5508
3561.27	-97.7902
3562.47	-95.9055
3563.68	-94.9868
3564.88	-97.3131
3566.09	-95.6862
3567.29	-95.6844
3568.49	-98.1919
3569.7	-94.4262
3570.9	-98.0951
3572.1	-97.5382
3573.3	-96.3381
3574.51	-96.4965
3575.71	-96.9452
3576.91	-96.1948
3578.11	-96.8825
3579.31	-99.6469
3580.52	-97.1108
3581.72	-97.3429
3582.92	-99.3293
3584.12	-98.4421
3585.32	-98.3965
3586.52	-97.8024
3587.72	-94.986
3588.92	-99.0239
3590.12	-95.7258
3591.32	-98.0214
3592.52	-94.2314
3593.72	-96.5597
3594.92	-97.3628
3596.12	-100.033
3597.31	-96.4456
3598.51	-96.2508
3599.71	-97.6319
3600.91	-100.119
3602.11	-97.9494
3603.3	-97.2099
3604.5	-97.5824
3605.7	-96.4225
3606.9	-98.6675
3608.09	-95.9864
3609.29	-96.8019
3610.49	-97.1501
3611.68	-96.9776
3612.88	-98.8456
3614.07	-99.8648
3615.27	-96.958
3616.47	-101.244
3617.66	-97.5512
3618.86	-97.5619
3620.05	-95.6656
3621.25	-98.8274
3622.44	-98.4791
3623.63	-97.9359
3624.83	-99.6304
3626.02	-98.6956
3627.21	-97.8055
3628.41	-95.5145
3629.6	-98.5366
3630.79	-99.0866
3631.99	-99.4556
3633.18	-98.886
3634.37	-98.2636
3635.56	-98.6207
3636.76	-99.3504
3637.95	-97.6844
3639.14	-98.2757
3640.33	-100.798
3641.52	-97.079
3642.71	-96.8427
3643.91	-97.6457
3645.1	-100.192
3646.29	-98.5612
3647.48	-99.4669
3648.67	-98.256
3649.86	-99.809
3651.05	-97.457
3652.24	-97.2114
3653.42	-98.6066
3654.61	-99.0658
3655.8	-97.935
3656.99	-100.572
3658.18	-98.945
3659.37	-97.8445
3660.56	-99.1441
3661.74	-96.9285
3662.93	-96.8236
3664.12	-97.7934
3665.31	-99.8344
3666.49	-96.1084
3667.68	-99.0273
3668.87	-96.2774
3670.05	-96.899
3671.24	-97.1501
3672.43	-97.4564
3673.61	-98.6152
3674.8	-98.4768
3675.98	-96.1072
3677.17	-97.294
3678.35	-97.7795
3679.54	-95.5564
3680.72	-97.1915
3681.91	-97.5579
3683.09	-94.6597
3684.28	-95.3417
3685.46	-96.0722
3686.64	-96.4832
3687.83	-98.3872
3689.01	-95.7009
3690.19	-95.2484
3691.38	-92.5256
3692.56	-93.6486
3693.74	-94.534
3694.92	-93.7948
3696.1	-93.7919
3697.29	-94.6638
3698.47	-95.8564
3699.65	-96.7245
3700.83	-96.3017
3702.01	-96.5294
3703.19	-98.4699
3704.37	-96.0393
3705.55	-96.8432
3706.74	-97.0996
3707.91	-95.6107
3709.1	-98.4375
3710.27	-95.151
3711.45	-95.6208
3712.63	-95.807
3713.81	-98.0942
3714.99	-96.4378
3716.17	-98.8958
3717.35	-97.7766
3718.53	-97.7911
3719.71	-97.8402
3720.88	-98.6583
3722.06	-98.834
3723.24	-99.0166
3724.42	-97.9781
3725.59	-99.609
3726.77	-94.6733
3727.95	-97.6512
3729.12	-97.3382
3730.3	-98.5222
3731.48	-98.2794
3732.65	-97.8882
3733.83	-100.177
3735	-98.9051
3736.18	-99.1808
3737.36	-99.5013
3738.53	-98.91
3739.7	-96.267
3740.88	-95.127
3742.05	-98.3612
3743.23	-96.0841
3744.4	-94.7218
3745.58	-93.9113
3746.75	-97.2952
3747.92	-96.0815
3749.1	-95.822
3750.27	-94.9186
3751.44	-94.9594
3752.62	-95.3969
3753.79	-98.8759
3754.96	-94.6545
3756.13	-93.672
3757.31	-96.8016
3758.48	-96.6615
3759.65	-97.4882
3760.82	-98.5025
3761.99	-96.9652
3763.16	-100.527
3764.33	-97.8405
3765.5	-100.569
3766.67	-97.6434
3767.84	-97.585
3769.01	-99.0296
3770.18	-99.7925
3771.35	-99.5564
3772.52	-100.146
3773.69	-101.015
3774.86	-101.024
3776.03	-99.9899
3777.2	-100.507
3778.37	-100.476
3779.53	-98.7094
3780.7	-100.442
3781.87	-99.0279
3783.04	-98.476
3784.21	-95.5579
3785.37	-96.1979
3786.54	-98.7123
3787.71	-96.5424
3788.87	-95.377
3790.04	-95.8931
3791.21	-94.4927
3792.37	-95.27
3793.54	-94.9516
3794.7	-95.2703
3795.87	-92.3623
3797.04	-93.3258
3798.2	-94.7016
3799.36	-93.5755
3800.53	-93.9017
3801.69	-90.1329
3802.86	-89.0015
3804.02	-89.1489
3805.19	-89.4434
3806.35	-90.2499
3807.52	-89.613
3808.68	-89.0709
3809.84	-91.383
3811	-92.8215
3812.17	-93.841
3813.33	-94.582
3814.49	-96.0029
3815.65	-96.0251
3816.82	-99.045
3817.98	-98.5381
3819.14	-101.607
3820.3	-101.865
3821.46	-99.225
3822.62	-99.6114
3823.79	-101.626
3824.95	-99.3117
3826.11	-102.424
3827.27	-100.394
3828.43	-101.247
3829.59	-101.86
3830.75	-98.0844
3831.91	-101.771
3833.07	-100.266
3834.22	-102.591
3835.38	-97.0334
3836.54	-99.6027
3837.7	-98.5297
3838.86	-98.5866
3840.02	-101.116
3841.18	-99.6651
3842.33	-96.5288
3843.49	-95.8569
3844.65	-100.865
3845.81	-97.8908
3846.96	-98.9929
3848.12	-98.7132
3849.28	-98.0431
3850.43	-99.2319
3851.59	-98.567
3852.75	-98.9733
3853.9	-100.582
3855.06	-99.8266
3856.21	-99.4677
3857.37	-98.7008
3858.52	-100.97
3859.68	-100.536
3860.83	-99.8847
3861.99	-100.235
3863.14	-101.22
3864.3	-100.933
3865.45	-101.544
3866.6	-101.06
3867.76	-104.648
3868.91	-101.071
3870.07	-105.021
3871.22	-101.491
3872.37	-102.686
3873.52	-104.074
3874.68	-102.018
3875.83	-100.829
3876.98	-103.911
3878.13	-103.72
3879.28	-102.433
3880.44	-104.593
3881.59	-100.702
3882.74	-102.805
3883.89	-104.225
3885.04	-105.691
3886.19	-104.702
3887.34	-105.907
3888.49	-103.525
3889.64	-106.62
3890.79	-103.662
3891.94	-108.767
3893.09	-104.434
3894.24	-105.919
3895.39	-105.341
3896.54	-106.489
3897.69	-106.542
3898.84	-103.269
3899.98	-105.389
3901.13	-102.857
3902.28	-105.578
3903.43	-104.914
3904.57	-105.57
3905.72	-105.038
3906.87	-106.249
3908.02	-106.054
3909.16	-106.561
3910.31	-104.566
3911.46	-105.049
3912.6	-105.394
3913.75	-106.827
3914.89	-106.923
3916.04	-105.728
3917.19	-104.659
3918.33	-105.23
3919.48	-104.064
3920.62	-104.913
3921.77	-103.984
3922.91	-104.157
3924.05	-105.663
3925.2	-107.31
3926.34	-106.491
3927.49	-105.4
3928.63	-104.54
3929.77	-104.547
3930.92	-104.96
3932.06	-105.916
3933.2	-106.317
3934.35	-104.611
3935.49	-107.57
3936.63	-104.224
3937.77	-105.188
3938.91	-105.892
3940.06	-105.373
3941.2	-106.143
3942.34	-105.774
3943.48	-105.538
3944.62	-104.746
3945.76	-102.711
3946.9	-106.092
3948.04	-104.404
3949.18	-106.956
3950.32	-105.956
3951.46	-104.507
3952.6	-107.397
3953.74	-106.233
3954.88	-105.435
3956.02	-106.82
3957.16	-104.738
3958.3	-104.475
3959.44	-103.939
3960.58	-107.867
3961.71	-104.791
3962.85	-104.589
3963.99	-106.709
3965.13	-108.419
3966.26	-106.673
3967.4	-106.511
3968.54	-107.069
3969.68	-105.625
3970.81	-106.584
3971.95	-104.73
3973.09	-106.192
3974.22	-105.206
3975.36	-105.311
3976.49	-105.55
3977.63	-108.28
3978.76	-107.376
3979.9	-105.109
3981.03	-106.876
3982.17	-104.291
3983.3	-107.198
3984.44	-108.612
3985.57	-105.405
3986.71	-107.093
3987.84	-107.323
3988.97	-107.587
3990.11	-108.562
3991.24	-103.452
3992.37	-106.552
3993.51	-108.484
3994.64	-106.027
3995.77	-108.618
3996.91	-109.674
3998.04	-107.328
3999.17	-110.558
